0.000000000000000000e+00 2.168826600000000205e-03 1.000000000000000000e+00
6.578947367999999907e-01 2.163654899999999971e-03 1.000000000000000000e+00
1.315789473699999990e+00 2.157357899999999811e-03 9.999607997999999665e-01
1.973684210500000091e+00 2.150573099999999842e-03 9.999340759000000523e-01
2.631578947399999979e+00 2.143963699999999837e-03 9.998810891999999617e-01
3.289473684199999859e+00 2.136830900000000026e-03 9.998492065999999845e-01
3.947368421100000191e+00 2.130116000000000041e-03 9.997969944000000275e-01
4.605263157899999626e+00 2.122936100000000215e-03 9.997619390999999966e-01
5.263157894699999950e+00 2.116268299999999811e-03 9.997111593999999934e-01
5.921052631600000282e+00 2.109121600000000030e-03 9.996728515999999676e-01
6.578947368399999718e+00 2.102563999999999909e-03 9.996237944000000430e-01
7.236842105300000050e+00 2.095491300000000209e-03 9.995817760999999857e-01
7.894736842100000374e+00 2.089043300000000165e-03 9.995347378000000171e-01
8.552631578899999809e+00 2.082071799999999848e-03 9.994887902000000324e-01
9.210526315799999253e+00 2.075726200000000028e-03 9.994438447000000281e-01
9.868421052600000465e+00 2.068851999999999931e-03 9.993940230000000202e-01
1.052631578949999991e+01 2.062574399999999881e-03 9.993515174999999529e-01
1.118421052629999934e+01 2.055802800000000076e-03 9.992983420000000061e-01
1.184210526320000056e+01 2.049566799999999901e-03 9.992585761000000177e-01
1.250000000000000000e+01 2.042897299999999784e-03 9.992028246999999919e-01
1.315789473679999944e+01 2.036693400000000147e-03 9.991660017000000282e-01
1.381578947370000066e+01 2.030146599999999805e-03 9.991083428000000488e-01
1.447368421050000009e+01 2.023979200000000037e-03 9.990742692999999841e-01
1.513157894739999954e+01 2.017579399999999950e-03 9.990152747999999638e-01
1.578947368420000075e+01 2.011466799999999788e-03 9.989833555999999559e-01
1.644736842109999841e+01 2.005232100000000055e-03 9.989234009999999886e-01
1.710526315790000140e+01 1.999191699999999794e-03 9.988927652000000323e-01
1.776315789470000084e+01 1.993121699999999847e-03 9.988320821999999710e-01
1.842105263159999851e+01 1.987156400000000041e-03 9.988019543999999694e-01
1.907894736840000149e+01 1.981227500000000072e-03 9.987408969000000081e-01
1.973684210529999916e+01 1.975330400000000104e-03 9.987109376999999677e-01
2.039473684209999860e+01 1.969511100000000212e-03 9.986500064000000121e-01
2.105263157890000159e+01 1.963664999999999855e-03 9.986202734000000358e-01
2.171052631579999925e+01 1.957934199999999784e-03 9.985601109999999725e-01
2.236842105259999869e+01 1.952141199999999971e-03 9.985307172999999814e-01
2.302631578949999991e+01 1.946494100000000036e-03 9.984718325000000450e-01
2.368421052629999934e+01 1.940770199999999933e-03 9.984427947999999775e-01
2.434210526320000056e+01 1.935222500000000068e-03 9.983853714000000545e-01
2.500000000000000000e+01 1.929594300000000073e-03 9.983563862000000011e-01
2.565789473679999944e+01 1.924153899999999934e-03 9.983002133999999694e-01
2.631578947370000066e+01 1.918635199999999983e-03 9.982709209000000250e-01
2.697368421050000009e+01 1.913298400000000045e-03 9.982156872999999875e-01
2.763157894740000131e+01 1.907885900000000096e-03 9.981859133999999578e-01
2.828947368420000075e+01 1.902630999999999897e-03 9.981315208000000050e-01
2.894736842109999841e+01 1.897307700000000008e-03 9.981014178999999542e-01
2.960526315790000140e+01 1.892114299999999964e-03 9.980479856999999733e-01
3.026315789470000084e+01 1.886864800000000088e-03 9.980178690000000019e-01
3.092105263159999851e+01 1.881721299999999930e-03 9.979656074999999626e-01
3.157894736840000149e+01 1.876545099999999897e-03 9.979358481000000225e-01
3.223684210529999916e+01 1.871458899999999979e-03 9.978848194999999643e-01
3.289473684210000215e+01 1.866369500000000054e-03 9.978556039000000544e-01
3.355263157889999803e+01 1.861357099999999933e-03 9.978055559999999824e-01
3.421052631580000281e+01 1.856366599999999907e-03 9.977767985000000062e-01
3.486842105259999869e+01 1.851438900000000045e-03 9.977273330999999468e-01
3.552631578950000346e+01 1.846547999999999939e-03 9.976988607000000231e-01
3.618421052629999934e+01 1.841702900000000056e-03 9.976497209000000366e-01
3.684210526319999701e+01 1.836897000000000096e-03 9.976214930000000258e-01
3.750000000000000000e+01 1.832121699999999945e-03 9.975726538000000421e-01
3.815789473680000299e+01 1.827382700000000030e-03 9.975447973000000079e-01
3.881578947370000066e+01 1.822665200000000074e-03 9.974963718999999562e-01
3.947368421049999654e+01 1.817978899999999915e-03 9.974691569000000424e-01
4.013157894740000131e+01 1.813319400000000005e-03 9.974213411000000251e-01
4.078947368419999719e+01 1.808686600000000092e-03 9.973949613000000491e-01
4.144736842110000197e+01 1.804098700000000095e-03 9.973478285000000332e-01
4.210526315789999785e+01 1.799525499999999906e-03 9.973221632000000003e-01
4.276315789470000084e+01 1.795024500000000052e-03 9.972756510000000407e-01
4.342105263159999851e+01 1.790516999999999933e-03 9.972503530999999866e-01
4.407894736840000149e+01 1.786110000000000041e-03 9.972043882000000137e-01
4.473684210529999916e+01 1.781663400000000090e-03 9.971791520999999658e-01
4.539473684210000215e+01 1.777343000000000022e-03 9.971337819000000158e-01
4.605263157889999803e+01 1.772943799999999971e-03 9.971084585999999694e-01
4.671052631580000281e+01 1.768696200000000008e-03 9.970638602000000406e-01
4.736842105259999869e+01 1.764326199999999940e-03 9.970384644999999990e-01
4.802631578950000346e+01 1.760140199999999950e-03 9.969950452000000407e-01
4.868421052629999934e+01 1.755789999999999912e-03 9.969696644000000108e-01
4.934210526319999701e+01 1.751668000000000062e-03 9.969279001999999945e-01
5.000000000000000000e+01 1.747340700000000026e-03 9.969024362999999722e-01
5.065789473680000299e+01 1.743290100000000021e-03 9.968626394999999807e-01
5.131578947370000066e+01 1.738999800000000026e-03 9.968367855999999971e-01
5.197368421049999654e+01 1.735027699999999902e-03 9.967990558999999529e-01
5.263157894740000131e+01 1.730792500000000048e-03 9.967724562999999982e-01
5.328947368419999719e+01 1.726896899999999990e-03 9.967367533000000002e-01
5.394736842110000197e+01 1.722729400000000020e-03 9.967090990000000428e-01
5.460526315789999785e+01 1.718898400000000090e-03 9.966752856999999688e-01
5.526315789470000084e+01 1.714801099999999990e-03 9.966463801999999594e-01
5.592105263159999851e+01 1.711014600000000056e-03 9.966143898999999529e-01
5.657894736840000149e+01 1.706982400000000037e-03 9.965843352000000044e-01
5.723684210529999916e+01 1.703220700000000103e-03 9.965542216999999647e-01
5.789473684210000215e+01 1.699248200000000059e-03 9.965233565000000127e-01
5.855263157889999803e+01 1.695494400000000000e-03 9.964951355000000177e-01
5.921052631580000281e+01 1.691576300000000076e-03 9.964639306999999446e-01
5.986842105259999869e+01 1.687817799999999932e-03 9.964375867000000442e-01
6.052631578950000346e+01 1.683953599999999957e-03 9.964066180999999744e-01
6.118421052629999934e+01 1.680184699999999953e-03 9.963821349999999466e-01
6.184210526319999701e+01 1.676377499999999899e-03 9.963519723999999522e-01
6.250000000000000000e+01 1.672598800000000023e-03 9.963292295000000243e-01
6.315789473680000299e+01 1.668852499999999919e-03 9.963003229000000349e-01
6.381578947370000066e+01 1.665072399999999999e-03 9.962790373000000033e-01
6.447368421049999654e+01 1.661389199999999946e-03 9.962517660999999913e-01
6.513157894740000131e+01 1.657625000000000027e-03 9.962315889999999730e-01
6.578947368420000430e+01 1.654002799999999959e-03 9.962062344000000014e-01
6.644736842109999486e+01 1.650275699999999898e-03 9.961867841999999529e-01
6.710526315789999785e+01 1.646704099999999954e-03 9.961633717000000221e-01
6.776315789470000084e+01 1.643027200000000097e-03 9.961443906000000403e-01
6.842105263160000561e+01 1.639488099999999960e-03 9.961228268999999802e-01
6.907894736839999439e+01 1.635859900000000014e-03 9.961044338000000220e-01
6.973684210529999916e+01 1.632333900000000008e-03 9.960847176999999553e-01
7.039473684210000215e+01 1.628736900000000076e-03 9.960673274000000355e-01
7.105263157890000514e+01 1.625205100000000043e-03 9.960496180000000255e-01
7.171052631579999570e+01 1.621611600000000004e-03 9.960337839999999776e-01
7.236842105259999869e+01 1.618058799999999966e-03 9.960185195999999852e-01
7.302631578950000346e+01 1.614445499999999896e-03 9.960049300000000105e-01
7.368421052630000645e+01 1.610863300000000024e-03 9.959927777000000537e-01
7.434210526319999701e+01 1.607219100000000043e-03 9.959821236000000466e-01
7.500000000000000000e+01 1.603603000000000103e-03 9.959736984000000515e-01
7.565789473680000299e+01 1.599926300000000098e-03 9.959665508999999695e-01
7.631578947369999355e+01 1.596271600000000006e-03 9.959623616999999651e-01
7.697368421049999654e+01 1.592564500000000043e-03 9.959592934000000009e-01
7.763157894740000131e+01 1.588862599999999901e-03 9.959598720000000238e-01
7.828947368420000430e+01 1.585122000000000007e-03 9.959615350999999617e-01
7.894736842109999486e+01 1.581357700000000054e-03 9.959674289000000069e-01
7.960526315789999785e+01 1.577568099999999930e-03 9.959745880999999468e-01
8.026315789470000084e+01 1.573719899999999989e-03 9.959864512999999642e-01
8.092105263160000561e+01 1.569853400000000097e-03 9.960001581999999853e-01
8.157894736839999439e+01 1.565900100000000095e-03 9.960189378999999565e-01
8.223684210529999916e+01 1.561924500000000078e-03 9.960405034000000546e-01
8.289473684210000215e+01 1.557846899999999974e-03 9.960673937999999783e-01
8.355263157890000514e+01 1.553731600000000023e-03 9.960981652000000519e-01
8.421052631579999570e+01 1.549508900000000095e-03 9.961345578000000422e-01
8.486842105259999869e+01 1.545227699999999951e-03 9.961759488000000440e-01
8.552631578950000346e+01 1.540836899999999945e-03 9.962234811000000301e-01
8.618421052630000645e+01 1.536366499999999901e-03 9.962770710999999668e-01
8.684210526319999701e+01 1.531779800000000096e-03 9.963375198999999682e-01
8.750000000000000000e+01 1.527090600000000032e-03 9.964050555000000253e-01
8.815789473680000299e+01 1.522270500000000000e-03 9.964803423000000437e-01
8.881578947369999355e+01 1.517320699999999975e-03 9.965638959999999491e-01
8.947368421049999654e+01 1.512219499999999930e-03 9.966563365999999702e-01
9.013157894740000131e+01 1.506958299999999968e-03 9.967584350000000537e-01
9.078947368420000430e+01 1.501519800000000043e-03 9.968708044999999851e-01
9.144736842109999486e+01 1.495888699999999927e-03 9.969943597999999518e-01
9.210526315789999785e+01 1.490048299999999996e-03 9.971298350999999727e-01
9.276315789470000084e+01 1.483983500000000087e-03 9.972782135000000103e-01
9.342105263160000561e+01 1.477673199999999945e-03 9.974404408999999472e-01
9.407894736839999439e+01 1.471108399999999971e-03 9.976175555999999833e-01
9.473684210529999916e+01 1.464259600000000078e-03 9.978106083000000126e-01
9.539473684210000215e+01 1.457122799999999987e-03 9.980207919000000372e-01
9.605263157890000514e+01 1.449661899999999965e-03 9.982491306999999869e-01
9.671052631579999570e+01 1.441871300000000054e-03 9.984971382999999756e-01
9.736842105259999869e+01 1.433715500000000073e-03 9.987658075999999996e-01
9.802631578950000346e+01 1.425181100000000008e-03 9.990569670000000180e-01
9.868421052630000645e+01 1.416237199999999946e-03 9.993716505999999944e-01
9.934210526319999701e+01 1.406859500000000058e-03 9.997118486999999609e-01
1.000000000000000000e+02 1.397020899999999993e-03 1.000078767099999988e+00
1.006578947368000030e+02 1.386691299999999894e-03 1.000474492699999995e+00
1.013157894736999936e+02 1.375842200000000019e-03 1.000900479600000059e+00
1.019736842104999965e+02 1.364447100000000003e-03 1.001358917299999929e+00
1.026315789474000013e+02 1.352470799999999987e-03 1.001851400300000083e+00
1.032894736842000043e+02 1.339895399999999938e-03 1.002380224199999947e+00
1.039473684210999949e+02 1.326677399999999984e-03 1.002947000500000074e+00
1.046052631578999979e+02 1.312806199999999980e-03 1.003554184600000010e+00
1.052631578947000008e+02 1.298235600000000002e-03 1.004203369599999895e+00
1.059210526316000056e+02 1.282957900000000024e-03 1.004897186900000072e+00
1.065789473683999944e+02 1.266930600000000084e-03 1.005637113199999932e+00
1.072368421052999992e+02 1.250145999999999940e-03 1.006425892200000005e+00
1.078947368421000021e+02 1.232566600000000031e-03 1.007264780200000098e+00
1.085526315789000051e+02 1.214186400000000048e-03 1.008156609000000037e+00
1.092105263157999957e+02 1.194972699999999896e-03 1.009102414300000028e+00
1.098684210525999987e+02 1.174925399999999977e-03 1.010105025899999953e+00
1.105263157895000035e+02 1.154017200000000088e-03 1.011165246500000059e+00
1.111842105263000064e+02 1.132256299999999990e-03 1.012285680800000032e+00
1.118421052631999970e+02 1.109623799999999959e-03 1.013466835000000010e+00
1.125000000000000000e+02 1.086136599999999904e-03 1.014710980899999893e+00
1.131578947368000030e+02 1.061789100000000083e-03 1.016018215699999949e+00
1.138157894736999936e+02 1.036606299999999915e-03 1.017390510700000084e+00
1.144736842104999965e+02 1.010598099999999956e-03 1.018827327899999968e+00
1.151315789474000013e+02 9.837962999999999916e-04 1.020330282800000044e+00
1.157894736842000043e+02 9.562267000000000379e-04 1.021898087500000107e+00
1.164473684210999949e+02 9.279292999999999656e-04 1.023531827000000005e+00
1.171052631578999979e+02 8.989463999999999962e-04 1.025229636299999969e+00
1.177631578947000008e+02 8.693292999999999507e-04 1.026991802399999987e+00
1.184210526316000056e+02 8.391317000000000350e-04 1.028816042299999900e+00
1.190789473683999944e+02 8.084185000000000459e-04 1.030701659800000058e+00
1.197368421052999992e+02 7.772458999999999575e-04 1.032645888100000020e+00
1.203947368421000021e+02 7.456955999999999828e-04 1.034647257000000042e+00
1.210526315789000051e+02 7.138211999999999682e-04 1.036702304599999902e+00
1.217105263157999957e+02 6.817247000000000020e-04 1.038809179100000035e+00
1.223684210525999987e+02 6.494552999999999481e-04 1.040963497499999946e+00
1.230263157895000035e+02 6.171295999999999943e-04 1.043163172399999894e+00
1.236842105263000064e+02 5.847922999999999880e-04 1.045402984100000099e+00
1.243421052631999970e+02 5.525621999999999999e-04 1.047680576999999946e+00
1.250000000000000000e+02 5.204839999999999857e-04 1.049990316099999932e+00
1.256578947368000030e+02 4.886699000000000424e-04 1.052329548399999926e+00
1.263157894736999936e+02 4.571663999999999806e-04 1.054692434399999934e+00
1.269736842104999965e+02 4.260760000000000046e-04 1.057076180699999979e+00
1.276315789474000013e+02 3.954405000000000029e-04 1.059474634000000082e+00
1.282894736842000043e+02 3.653557000000000094e-04 1.061885345200000108e+00
1.289473684211000091e+02 3.358507000000000267e-04 1.064301764399999906e+00
1.296052631578999979e+02 3.070161999999999761e-04 1.066722109100000093e+00
1.302631578946999866e+02 2.788662000000000237e-04 1.069139568500000026e+00
1.309210526315999914e+02 2.514811999999999733e-04 1.071552830699999959e+00
1.315789473684000086e+02 2.248639999999999938e-04 1.073955318499999922e+00
1.322368421053000134e+02 1.990813999999999876e-04 1.076345936200000075e+00
1.328947368421000021e+02 1.741279000000000036e-04 1.078718761199999987e+00
1.335526315788999909e+02 1.500607000000000048e-04 1.081072935199999918e+00
1.342105263157999957e+02 1.268585999999999987e-04 1.083402954499999904e+00
1.348684210526000129e+02 1.045757999999999958e-04 1.085708622400000101e+00
1.355263157894999893e+02 8.316969999999999756e-05 1.087984451599999902e+00
1.361842105263000064e+02 6.269579999999999695e-05 1.090231321399999898e+00
1.368421052632000112e+02 4.309640000000000297e-05 1.092443755299999930e+00
1.375000000000000000e+02 2.442109999999999900e-05 1.094623323900000056e+00
1.381578947367999888e+02 6.605899999999999721e-06 1.096765045800000005e+00
1.388157894736999936e+02 -1.030970000000000058e-05 1.098870627299999958e+00
1.394736842105000107e+02 -2.639439999999999923e-05 1.100935938399999925e+00
1.401315789473999871e+02 -4.160789999999999850e-05 1.102962972000000041e+00
1.407894736842000043e+02 -5.603739999999999985e-05 1.104947621500000032e+00
1.414473684211000091e+02 -6.962539999999999918e-05 1.106893171699999900e+00
1.421052631578999979e+02 -8.248949999999999685e-05 1.108794340200000006e+00
1.427631578946999866e+02 -9.454820000000000390e-05 1.110656630300000058e+00
1.434210526315999914e+02 -1.059373999999999998e-04 1.112473361599999988e+00
1.440789473684000086e+02 -1.165754000000000020e-04 1.114251326700000044e+00
1.447368421053000134e+02 -1.265856000000000099e-04 1.115984078199999896e+00
1.453947368421000021e+02 -1.359150999999999957e-04 1.117677466700000011e+00
1.460526315788999909e+02 -1.446526999999999915e-04 1.119327461599999962e+00
1.467105263157999957e+02 -1.527718999999999865e-04 1.120937531400000076e+00
1.473684210526000129e+02 -1.603552000000000059e-04 1.122505742800000039e+00
1.480263157894999893e+02 -1.673564999999999959e-04 1.124035164099999928e+00
1.486842105263000064e+02 -1.738999999999999986e-04 1.125522705500000109e+00
1.493421052632000112e+02 -1.798788999999999965e-04 1.126974744600000022e+00
1.500000000000000000e+02 -1.854782000000000024e-04 1.128383719799999962e+00
1.506578947367999888e+02 -1.905458000000000011e-04 1.129760930600000046e+00
1.513157894736999936e+02 -1.952740000000000010e-04 1.131095140100000007e+00
1.519736842105000107e+02 -1.995424999999999890e-04 1.132399173700000095e+00
1.526315789473999871e+02 -2.034732999999999887e-04 1.133663131899999899e+00
1.532894736842000043e+02 -2.070298999999999946e-04 1.134896154800000057e+00
1.539473684211000091e+02 -2.102572000000000035e-04 1.136093264599999930e+00
1.546052631578999979e+02 -2.131547000000000075e-04 1.137259461099999980e+00
1.552631578946999866e+02 -2.157855000000000027e-04 1.138391192600000101e+00
1.559210526315999914e+02 -2.180670000000000113e-04 1.139496223000000086e+00
1.565789473684000086e+02 -2.201856999999999881e-04 1.140563732900000016e+00
1.572368421053000134e+02 -2.219234999999999903e-04 1.141612060199999945e+00
1.578947368421000021e+02 -2.235631999999999875e-04 1.142618996700000000e+00
1.585526315788999909e+02 -2.248642000000000078e-04 1.143611718699999891e+00
1.592105263157999957e+02 -2.260274999999999904e-04 1.144564796700000109e+00
1.598684210526000129e+02 -2.269907999999999952e-04 1.145500952099999914e+00
1.605263157894999893e+02 -2.277104000000000010e-04 1.146406736499999912e+00
1.611842105263000064e+02 -2.283691000000000020e-04 1.147287711900000007e+00
1.618421052632000112e+02 -2.287448999999999993e-04 1.148148334100000056e+00
1.625000000000000000e+02 -2.290660999999999988e-04 1.148980669800000021e+00
1.631578947367999888e+02 -2.292224000000000095e-04 1.149793449599999962e+00
1.638157894736999936e+02 -2.291874000000000005e-04 1.150585940999999890e+00
1.644736842105000107e+02 -2.291806000000000127e-04 1.151348965399999980e+00
1.651315789473999871e+02 -2.288633999999999948e-04 1.152105920799999961e+00
1.657894736842000043e+02 -2.286416999999999898e-04 1.152824245499999956e+00
1.664473684211000091e+02 -2.281934999999999964e-04 1.153542085400000028e+00
1.671052631578999979e+02 -2.276742999999999963e-04 1.154226837299999975e+00
1.677631578946999866e+02 -2.271995999999999922e-04 1.154899386999999944e+00
1.684210526315999914e+02 -2.264090999999999868e-04 1.155558906100000005e+00
1.690789473684000086e+02 -2.258547999999999979e-04 1.156187612100000095e+00
1.697368421053000134e+02 -2.249666999999999954e-04 1.156819089599999906e+00
1.703947368421000021e+02 -2.241766999999999978e-04 1.157416468699999923e+00
1.710526315788999909e+02 -2.233666000000000037e-04 1.158009144600000040e+00
1.717105263157999957e+02 -2.222822999999999910e-04 1.158588833100000048e+00
1.723684210526000129e+02 -2.215332000000000087e-04 1.159138417699999923e+00
1.730263157894999893e+02 -2.203189999999999890e-04 1.159700728900000088e+00
1.736842105263000064e+02 -2.194123000000000134e-04 1.160219360299999947e+00
1.743421052632000112e+02 -2.183285000000000087e-04 1.160749403599999896e+00
1.750000000000000000e+02 -2.170827000000000011e-04 1.161257368800000078e+00
1.756578947367999888e+02 -2.162006999999999915e-04 1.161741821199999913e+00
1.763157894736999936e+02 -2.147219000000000016e-04 1.162246972800000000e+00
1.769736842105000107e+02 -2.138000999999999997e-04 1.162692502999999933e+00
1.776315789473999871e+02 -2.124212000000000051e-04 1.163180243000000003e+00
1.782894736842000043e+02 -2.111519999999999868e-04 1.163610845300000030e+00
1.789473684211000091e+02 -2.100690000000000109e-04 1.164060024699999918e+00
1.796052631578999979e+02 -2.084568000000000130e-04 1.164491855000000076e+00
1.802631578946999866e+02 -2.074656000000000080e-04 1.164901733800000061e+00
1.809210526315999914e+02 -2.058760999999999989e-04 1.165323421000000081e+00
1.815789473684000086e+02 -2.045815999999999997e-04 1.165718794600000052e+00
1.822368421053000134e+02 -2.033202000000000121e-04 1.166103979100000076e+00
1.828947368421000021e+02 -2.016517000000000060e-04 1.166507101499999921e+00
1.835526315788999909e+02 -2.005320000000000106e-04 1.166850128399999909e+00
1.842105263157999957e+02 -1.989074000000000126e-04 1.167250252999999960e+00
1.848684210526000129e+02 -1.974521000000000132e-04 1.167578277100000061e+00
1.855263157894999893e+02 -1.962543000000000024e-04 1.167945026900000016e+00
1.861842105263000064e+02 -1.943769999999999992e-04 1.168282712999999973e+00
1.868421052632000112e+02 -1.933774000000000029e-04 1.168610458599999902e+00
1.875000000000000000e+02 -1.915870999999999872e-04 1.168944330900000050e+00
1.881578947367999888e+02 -1.902177999999999866e-04 1.169264749899999956e+00
1.888157894736999936e+02 -1.889480000000000077e-04 1.169558917700000089e+00
1.894736842105000107e+02 -1.871436999999999884e-04 1.169900474799999923e+00
1.901315789473999871e+02 -1.860653000000000090e-04 1.170150687600000072e+00
1.907894736842000043e+02 -1.845065000000000062e-04 1.170491217099999925e+00
1.914473684211000091e+02 -1.828308000000000114e-04 1.170742398800000084e+00
1.921052631578999979e+02 -1.821117000000000135e-04 1.171033699899999947e+00
1.927631578946999866e+02 -1.797980000000000021e-04 1.171321244000000039e+00
1.934210526315999914e+02 -1.793538999999999973e-04 1.171562004299999904e+00
1.940789473684000086e+02 -1.773250999999999940e-04 1.171850924299999930e+00
1.947368421053000134e+02 -1.762626999999999955e-04 1.172099219399999948e+00
1.953947368421000021e+02 -1.750163000000000001e-04 1.172334968499999963e+00
1.960526315788999909e+02 -1.734496999999999938e-04 1.172624405200000108e+00
1.967105263157999957e+02 -1.723281000000000010e-04 1.172810227300000063e+00
1.973684210526000129e+02 -1.711452000000000025e-04 1.173103633700000037e+00
1.980263157894999893e+02 -1.694024000000000029e-04 1.173296178500000009e+00
1.986842105263000064e+02 -1.688613999999999957e-04 1.173544578400000038e+00
1.993421052632000112e+02 -1.666483000000000016e-04 1.173773997599999896e+00
2.000000000000000000e+02 -1.666576000000000017e-04 1.173964334899999962e+00
2.006578947367999888e+02 -1.636660000000000014e-04 1.174247633800000079e+00
2.013157894736999936e+02 -1.649627999999999988e-04 1.174346811599999985e+00
2.019736842105000107e+02 -1.609648999999999943e-04 1.174706294299999954e+00
2.026315789473999871e+02 -1.621283000000000110e-04 1.174759916299999984e+00
2.032894736842000043e+02 -1.603226000000000022e-04 1.175034315600000046e+00
2.039473684211000091e+02 -1.555099000000000000e-04 1.175354718899999984e+00
2.046052631578999979e+02 -1.601011000000000112e-04 1.175158172299999970e+00
2.052631578946999866e+02 -1.476677000000000024e-04 1.176015211599999999e+00
2.059210526315999914e+02 -1.531712000000000015e-04 1.175362772399999978e+00
2.065789473684000086e+02 -1.436681999999999944e-04 1.176327397799999952e+00
2.072368421053000134e+02 -1.388131999999999875e-04 1.175949798800000057e+00
2.078947368421000021e+02 -1.393551000000000034e-04 1.176287719899999917e+00
2.085526315788999909e+02 -1.307821000000000027e-04 1.176440313400000104e+00
2.092105263157999957e+02 -1.309830999999999962e-04 1.176372289799999971e+00
2.098684210526000129e+02 -1.346739000000000117e-04 1.176418469599999961e+00
2.105263157894999893e+02 -1.372137999999999906e-04 1.176811559899999970e+00
2.111842105263000064e+02 -1.420952000000000012e-04 1.176707860000000050e+00
2.118421052632000112e+02 -1.444516999999999980e-04 1.176815231900000036e+00
2.125000000000000000e+02 -1.508042000000000020e-04 1.176225545899999947e+00
2.131578947367999888e+02 -1.738510000000000131e-04 1.177468357600000015e+00
2.138157894736999936e+02 -1.649662999999999997e-04 1.177040356900000084e+00
2.144736842105000107e+02 -1.762664000000000104e-04 1.176873941900000053e+00
2.151315789473999871e+02 -1.935294999999999908e-04 1.177561644799999918e+00
2.157894736842000043e+02 -1.953610999999999954e-04 1.177572588799999931e+00
2.164473684211000091e+02 -2.039905000000000114e-04 1.177701918799999969e+00
2.171052631578999979e+02 -2.139231999999999917e-04 1.177748836699999968e+00
2.177631578946999866e+02 -2.246628999999999933e-04 1.177869867699999906e+00
2.184210526315999914e+02 -2.356982999999999995e-04 1.178012084399999937e+00
2.190789473684000086e+02 -2.454585999999999812e-04 1.178304292900000050e+00
2.197368421053000134e+02 -2.538832000000000090e-04 1.178584595200000029e+00
2.203947368421000021e+02 -2.628379999999999931e-04 1.178946566500000070e+00
2.210526315788999909e+02 -2.723318999999999870e-04 1.179190039799999923e+00
2.217105263157999957e+02 -2.834463999999999972e-04 1.179453537699999943e+00
2.223684210526000129e+02 -2.950814999999999970e-04 1.179662967699999898e+00
2.230263157894999893e+02 -3.069389999999999966e-04 1.180030767399999903e+00
2.236842105263000064e+02 -3.175675999999999781e-04 1.180435896899999948e+00
2.243421052632000112e+02 -3.277743999999999970e-04 1.180944351199999964e+00
2.250000000000000000e+02 -3.378394000000000167e-04 1.181362272199999897e+00
2.256578947367999888e+02 -3.492001999999999910e-04 1.181802000400000052e+00
2.263157894736999936e+02 -3.613496000000000004e-04 1.182183253899999897e+00
2.269736842105000107e+02 -3.742120000000000147e-04 1.182682450800000007e+00
2.276315789473999871e+02 -3.862984000000000079e-04 1.183217438700000068e+00
2.282894736842000043e+02 -3.977381999999999793e-04 1.183889643299999905e+00
2.289473684211000091e+02 -4.083409999999999991e-04 1.184542898499999941e+00
2.296052631578999979e+02 -4.193471000000000156e-04 1.185246079699999955e+00
2.302631578946999866e+02 -4.307178000000000048e-04 1.185885663499999909e+00
2.309210526315999914e+02 -4.429112999999999822e-04 1.186591024199999955e+00
2.315789473684000086e+02 -4.549369000000000047e-04 1.187300257199999987e+00
2.322368421053000134e+02 -4.666596999999999868e-04 1.188142089000000068e+00
2.328947368421000021e+02 -4.773216999999999738e-04 1.189017068599999893e+00
2.335526315788999909e+02 -4.875716999999999790e-04 1.189988175100000101e+00
2.342105263157999957e+02 -4.975083000000000153e-04 1.190923022200000014e+00
2.348684210526000129e+02 -5.080503000000000102e-04 1.191899334399999955e+00
2.355263157894999893e+02 -5.187962000000000389e-04 1.192850676099999951e+00
2.361842105263000064e+02 -5.296981999999999559e-04 1.193906245600000027e+00
2.368421052632000112e+02 -5.397655999999999808e-04 1.195008247200000095e+00
2.375000000000000000e+02 -5.491098000000000463e-04 1.196235723900000103e+00
2.381578947367999888e+02 -5.575286000000000478e-04 1.197473970599999937e+00
2.388157894736999936e+02 -5.658685000000000321e-04 1.198769078099999996e+00
2.394736842105000107e+02 -5.741337000000000220e-04 1.200031697200000025e+00
2.401315789473999871e+02 -5.826933000000000069e-04 1.201358172199999963e+00
2.407894736842000043e+02 -5.908057000000000412e-04 1.202704713799999992e+00
2.414473684211000091e+02 -5.983695999999999503e-04 1.204164834099999970e+00
2.421052631578999979e+02 -6.048161999999999506e-04 1.205661308600000092e+00
2.427631578946999866e+02 -6.105976000000000372e-04 1.207242216600000084e+00
2.434210526315999914e+02 -6.156959999999999950e-04 1.208814456400000070e+00
2.440789473684000086e+02 -6.207190999999999707e-04 1.210437472800000025e+00
2.447368421053000134e+02 -6.253497000000000005e-04 1.212056734499999955e+00
2.453947368421000021e+02 -6.296433000000000368e-04 1.213758541900000099e+00
2.460526315788999909e+02 -6.329403000000000156e-04 1.215493628199999954e+00
2.467105263157999957e+02 -6.353803000000000532e-04 1.217319128800000039e+00
2.473684210526000129e+02 -6.367677000000000189e-04 1.219153294300000079e+00
2.480263157894999893e+02 -6.377391999999999740e-04 1.221033229099999895e+00
2.486842105263000064e+02 -6.382379000000000307e-04 1.222894505299999990e+00
2.493421052632000112e+02 -6.385492000000000425e-04 1.224805623700000012e+00
2.500000000000000000e+02 -6.381692000000000224e-04 1.226727821999999968e+00
2.506578947367999888e+02 -6.371268999999999934e-04 1.228725730400000105e+00
2.513157894736999936e+02 -6.350178999999999633e-04 1.230740883099999960e+00
2.519736842105000107e+02 -6.322708000000000451e-04 1.232805915499999960e+00
2.526315789473999871e+02 -6.288940999999999932e-04 1.234853355899999894e+00
2.532894736842000043e+02 -6.253006999999999880e-04 1.236929784199999993e+00
2.539473684211000091e+02 -6.212382999999999707e-04 1.238994001900000086e+00
2.546052631578999979e+02 -6.167632999999999839e-04 1.241107327399999960e+00
2.552631578946999866e+02 -6.114153999999999466e-04 1.243227634399999948e+00
2.559210526315999914e+02 -6.054472000000000196e-04 1.245390795899999903e+00
2.565789473684000086e+02 -5.987845000000000537e-04 1.247537545799999981e+00
2.572368421053000134e+02 -5.918514999999999627e-04 1.249702361600000033e+00
2.578947368420999737e+02 -5.845327000000000422e-04 1.251842800199999939e+00
2.585526315788999909e+02 -5.769513999999999459e-04 1.254014067900000029e+00
2.592105263157999957e+02 -5.686480000000000484e-04 1.256183967099999910e+00
2.598684210526000129e+02 -5.597691999999999599e-04 1.258388536200000019e+00
2.605263157895000177e+02 -5.501526000000000289e-04 1.260574903600000018e+00
2.611842105262999780e+02 -5.402643999999999632e-04 1.262764211199999931e+00
2.618421052631999828e+02 -5.301258000000000532e-04 1.264912403499999893e+00
2.625000000000000000e+02 -5.199529999999999734e-04 1.267066595299999987e+00
2.631578947368000172e+02 -5.093688000000000079e-04 1.269204456800000047e+00
2.638157894737000220e+02 -4.983961999999999767e-04 1.271369590199999955e+00
2.644736842104999823e+02 -4.867173999999999828e-04 1.273522579500000029e+00
2.651315789473999871e+02 -4.747210999999999770e-04 1.275677545700000026e+00
2.657894736842000043e+02 -4.624539000000000210e-04 1.277788492800000064e+00
2.664473684211000091e+02 -4.502765000000000044e-04 1.279884632699999969e+00
2.671052631579000263e+02 -4.380006000000000090e-04 1.281944630499999960e+00
2.677631578946999866e+02 -4.256001000000000250e-04 1.284015029100000094e+00
2.684210526315999914e+02 -4.127070999999999843e-04 1.286070211199999980e+00
2.690789473684000086e+02 -3.995175999999999914e-04 1.288130615999999895e+00
2.697368421053000134e+02 -3.859754999999999978e-04 1.290154322900000095e+00
2.703947368420999737e+02 -3.725209000000000267e-04 1.292155624400000091e+00
2.710526315788999909e+02 -3.590775000000000260e-04 1.294111247100000028e+00
2.717105263157999957e+02 -3.457213999999999795e-04 1.296058571599999931e+00
2.723684210526000129e+02 -3.321339000000000084e-04 1.297981739399999945e+00
2.730263157895000177e+02 -3.183357999999999956e-04 1.299908544800000065e+00
2.736842105262999780e+02 -3.042152999999999806e-04 1.301803418800000056e+00
2.743421052631999828e+02 -2.901431000000000105e-04 1.303677444200000091e+00
2.750000000000000000e+02 -2.760842000000000222e-04 1.305504414200000074e+00
2.756578947368000172e+02 -2.622645000000000163e-04 1.307309781200000076e+00
2.763157894737000220e+02 -2.483914000000000152e-04 1.309085108499999928e+00
2.769736842104999823e+02 -2.344585000000000050e-04 1.310856706300000063e+00
2.776315789473999871e+02 -2.203109999999999986e-04 1.312599690000000097e+00
2.782894736842000043e+02 -2.061658999999999974e-04 1.314325659699999926e+00
2.789473684211000091e+02 -1.920621999999999922e-04 1.316005297800000085e+00
2.796052631579000263e+02 -1.782401999999999880e-04 1.317659029299999895e+00
2.802631578946999866e+02 -1.644748000000000130e-04 1.319277824899999896e+00
2.809210526315999914e+02 -1.508139000000000029e-04 1.320885240399999994e+00
2.815789473684000086e+02 -1.370036000000000040e-04 1.322468070600000045e+00
2.822368421053000134e+02 -1.232169000000000027e-04 1.324034268199999920e+00
2.828947368420999737e+02 -1.094775000000000034e-04 1.325560005400000074e+00
2.835526315788999909e+02 -9.598229999999999750e-05 1.327059716299999970e+00
2.842105263157999957e+02 -8.264509999999999923e-05 1.328521394700000080e+00
2.848684210526000129e+02 -6.947180000000000119e-05 1.329969456399999972e+00
2.855263157895000177e+02 -5.622660000000000136e-05 1.331392891099999920e+00
2.861842105262999780e+02 -4.305389999999999787e-05 1.332800392200000017e+00
2.868421052631999828e+02 -2.989360000000000124e-05 1.334173982700000094e+00
2.875000000000000000e+02 -1.699689999999999984e-05 1.335519538200000023e+00
2.881578947368000172e+02 -4.298400000000000215e-06 1.336829572599999905e+00
2.888157894737000220e+02 8.201599999999999537e-06 1.338123135200000036e+00
2.894736842104999823e+02 2.066929999999999877e-05 1.339392613200000026e+00
2.901315789473999871e+02 3.308270000000000091e-05 1.340649986400000104e+00
2.907894736842000043e+02 4.546469999999999857e-05 1.341876465499999949e+00
2.914473684211000091e+02 5.759379999999999735e-05 1.343077396199999995e+00
2.921052631579000263e+02 6.953699999999999508e-05 1.344244915700000043e+00
2.927631578946999866e+02 8.120329999999999551e-05 1.345392199700000013e+00
2.934210526315999914e+02 9.280779999999999596e-05 1.346519208299999937e+00
2.940789473684000086e+02 1.043353000000000038e-04 1.347633914300000013e+00
2.947368421053000134e+02 1.158166999999999986e-04 1.348723347399999994e+00
2.953947368420999737e+02 1.271168000000000092e-04 1.349791211799999946e+00
2.960526315788999909e+02 1.382002999999999921e-04 1.350826285799999971e+00
2.967105263157999957e+02 1.490169000000000064e-04 1.351842476300000095e+00
2.973684210526000129e+02 1.597381999999999947e-04 1.352838474199999919e+00
2.980263157895000177e+02 1.703405999999999866e-04 1.353822613099999961e+00
2.986842105262999780e+02 1.809354999999999959e-04 1.354787674500000039e+00
2.993421052631999828e+02 1.913512999999999987e-04 1.355731576800000004e+00
3.000000000000000000e+02 2.015705999999999976e-04 1.356647780799999925e+00
3.006578947368000172e+02 2.115416000000000009e-04 1.357544723399999986e+00
3.013157894737000220e+02 2.213524999999999987e-04 1.358421812500000048e+00
3.019736842104999823e+02 2.310691999999999933e-04 1.359290158999999942e+00
3.026315789473999871e+02 2.407518999999999946e-04 1.360141057899999950e+00
3.032894736842000043e+02 2.502803999999999966e-04 1.360974909699999902e+00
3.039473684211000091e+02 2.596513999999999853e-04 1.361784570400000005e+00
3.046052631579000263e+02 2.687438000000000001e-04 1.362573860999999997e+00
3.052631578946999866e+02 2.776877999999999877e-04 1.363347050400000038e+00
3.059210526315999914e+02 2.865173000000000155e-04 1.364110392700000007e+00
3.065789473684000086e+02 2.953008000000000239e-04 1.364860452699999893e+00
3.072368421053000134e+02 3.039933000000000088e-04 1.365597043199999971e+00
3.078947368420999737e+02 3.125132999999999882e-04 1.366310582899999959e+00
3.085526315788999909e+02 3.207980000000000141e-04 1.367006834899999967e+00
3.092105263157999957e+02 3.289208999999999970e-04 1.367686585499999996e+00
3.098684210526000129e+02 3.369040000000000121e-04 1.368357311100000029e+00
3.105263157895000177e+02 3.448793000000000236e-04 1.369019095599999902e+00
3.111842105262999780e+02 3.527579999999999995e-04 1.369667815899999974e+00
3.118421052631999828e+02 3.605079999999999982e-04 1.370298771399999893e+00
3.125000000000000000e+02 3.680496000000000006e-04 1.370912287899999971e+00
3.131578947368000172e+02 3.753925000000000079e-04 1.371509700400000087e+00
3.138157894737000220e+02 3.826247999999999759e-04 1.372100239799999954e+00
3.144736842104999823e+02 3.898131000000000100e-04 1.372681753199999966e+00
3.151315789473999871e+02 3.969344999999999991e-04 1.373254549299999905e+00
3.157894736842000043e+02 4.039661999999999745e-04 1.373812190700000047e+00
3.164473684211000091e+02 4.107777999999999755e-04 1.374352719100000009e+00
3.171052631579000263e+02 4.174261000000000182e-04 1.374880342800000044e+00
3.177631578946999866e+02 4.239344000000000250e-04 1.375399091100000026e+00
3.184210526315999914e+02 4.303935999999999851e-04 1.375912043300000054e+00
3.190789473684000086e+02 4.368274000000000115e-04 1.376418423600000107e+00
3.197368421053000134e+02 4.431576999999999804e-04 1.376910825700000007e+00
3.203947368420999737e+02 4.493265000000000084e-04 1.377389778600000003e+00
3.210526315788999909e+02 4.553197000000000039e-04 1.377854587400000108e+00
3.217105263157999957e+02 4.611616000000000131e-04 1.378311682499999913e+00
3.223684210526000129e+02 4.669812999999999872e-04 1.378765055899999981e+00
3.230263157895000177e+02 4.727538000000000205e-04 1.379211837399999974e+00
3.236842105262999780e+02 4.784769000000000131e-04 1.379649622899999928e+00
3.243421052631999828e+02 4.840574000000000049e-04 1.380073540699999990e+00
3.250000000000000000e+02 4.894523000000000233e-04 1.380484509700000029e+00
3.256578947368000172e+02 4.947290999999999928e-04 1.380888934899999976e+00
3.263157894737000220e+02 4.999400999999999672e-04 1.381288374499999971e+00
3.269736842104999823e+02 5.051381999999999877e-04 1.381685136199999997e+00
3.276315789473999871e+02 5.103083000000000011e-04 1.382073794300000102e+00
3.282894736842000043e+02 5.153348000000000520e-04 1.382449852099999932e+00
3.289473684211000091e+02 5.202218000000000207e-04 1.382815324699999904e+00
3.296052631579000263e+02 5.249528000000000267e-04 1.383171783999999960e+00
3.302631578946999866e+02 5.296254999999999930e-04 1.383526118000000027e+00
3.309210526315999914e+02 5.343017999999999943e-04 1.383878270699999913e+00
3.315789473684000086e+02 5.389368000000000066e-04 1.384223821600000015e+00
3.322368421053000134e+02 5.434923000000000141e-04 1.384560318799999967e+00
3.328947368420999737e+02 5.478886000000000520e-04 1.384884443500000062e+00
3.335526315788999909e+02 5.521338999999999891e-04 1.385201202800000031e+00
3.342105263157999957e+02 5.563295000000000002e-04 1.385515740300000020e+00
3.348684210526000129e+02 5.604950000000000470e-04 1.385827973200000063e+00
3.355263157895000177e+02 5.646744999999999889e-04 1.386137962500000098e+00
3.361842105262999780e+02 5.687765999999999916e-04 1.386438130699999993e+00
3.368421052631999828e+02 5.727335999999999538e-04 1.386728199500000036e+00
3.375000000000000000e+02 5.765670999999999774e-04 1.387010856699999906e+00
3.381578947368000172e+02 5.803014000000000002e-04 1.387289562899999940e+00
3.388157894737000220e+02 5.840401000000000056e-04 1.387569177300000067e+00
3.394736842104999823e+02 5.877884000000000320e-04 1.387846026899999918e+00
3.401315789473999871e+02 5.914727999999999522e-04 1.388115675299999907e+00
3.407894736842000043e+02 5.950617999999999750e-04 1.388376899500000095e+00
3.414473684211000091e+02 5.984897000000000307e-04 1.388628513900000083e+00
3.421052631579000263e+02 6.018409999999999862e-04 1.388878593600000100e+00
3.427631578946999866e+02 6.051837000000000449e-04 1.389128046399999983e+00
3.434210526315999914e+02 6.085249000000000257e-04 1.389376578500000070e+00
3.440789473684000086e+02 6.118611000000000362e-04 1.389620738599999905e+00
3.447368421053000134e+02 6.150787000000000442e-04 1.389855037300000040e+00
3.453947368420999737e+02 6.181662000000000311e-04 1.390082296199999901e+00
3.460526315788999909e+02 6.211688000000000149e-04 1.390306177700000090e+00
3.467105263157999957e+02 6.241280999999999782e-04 1.390529539100000100e+00
3.473684210526000129e+02 6.271306000000000363e-04 1.390754901099999996e+00
3.480263157895000177e+02 6.301075999999999639e-04 1.390974792600000010e+00
3.486842105262999780e+02 6.330027000000000440e-04 1.391188280299999969e+00
3.493421052631999828e+02 6.357865000000000088e-04 1.391393784299999936e+00
3.500000000000000000e+02 6.384461000000000129e-04 1.391594829300000002e+00
3.506578947368000172e+02 6.410990000000000091e-04 1.391797525499999910e+00
3.513157894737000220e+02 6.437621000000000142e-04 1.392000324999999927e+00
3.519736842104999823e+02 6.464252000000000192e-04 1.392201163600000013e+00
3.526315789473999871e+02 6.490428000000000126e-04 1.392396174699999989e+00
3.532894736842000043e+02 6.515202000000000103e-04 1.392582223900000082e+00
3.539473684211000091e+02 6.539122999999999767e-04 1.392765993999999896e+00
3.546052631579000263e+02 6.562621000000000470e-04 1.392948532999999989e+00
3.552631578946999866e+02 6.586222000000000517e-04 1.393133464499999974e+00
3.559210526315999914e+02 6.610233999999999771e-04 1.393317691300000050e+00
3.565789473684000086e+02 6.633535999999999773e-04 1.393495360600000010e+00
3.572368421053000134e+02 6.655975000000000389e-04 1.393667206099999945e+00
3.578947368420999737e+02 6.677322999999999766e-04 1.393833839600000069e+00
3.585526315788999909e+02 6.698077999999999671e-04 1.394000253199999984e+00
3.592105263157999957e+02 6.719230000000000515e-04 1.394170066899999894e+00
3.598684210526000129e+02 6.740424000000000502e-04 1.394338068499999972e+00
3.605263157895000177e+02 6.761437999999999823e-04 1.394503460299999942e+00
3.611842105262999780e+02 6.781598999999999917e-04 1.394661193399999943e+00
3.618421052631999828e+02 6.800487999999999932e-04 1.394814024300000010e+00
3.625000000000000000e+02 6.819137999999999762e-04 1.394967543899999995e+00
3.631578947368000172e+02 6.837667999999999871e-04 1.395121931700000095e+00
3.638157894737000220e+02 6.856648999999999817e-04 1.395278465599999906e+00
3.644736842104999823e+02 6.875572999999999841e-04 1.395431454499999946e+00
3.651315789473999871e+02 6.893526000000000514e-04 1.395577477000000011e+00
3.657894736842000043e+02 6.910679999999999774e-04 1.395720063299999980e+00
3.664473684211000091e+02 6.927088000000000516e-04 1.395859984099999895e+00
3.671052631579000263e+02 6.943541999999999596e-04 1.396003442999999899e+00
3.677631578946999866e+02 6.960573999999999538e-04 1.396148425900000101e+00
3.684210526315999914e+02 6.977307999999999774e-04 1.396290193000000013e+00
3.690789473684000086e+02 6.993702000000000078e-04 1.396428050299999946e+00
3.697368421053000134e+02 7.008885000000000505e-04 1.396559121099999912e+00
3.703947368420999737e+02 7.023396999999999800e-04 1.396689782900000010e+00
3.710526315788999909e+02 7.038002000000000450e-04 1.396822922499999953e+00
3.717105263157999957e+02 7.052752999999999930e-04 1.396957200099999907e+00
3.723684210526000129e+02 7.067774999999999665e-04 1.397091885300000058e+00
3.730263157895000177e+02 7.082230000000000122e-04 1.397220374800000053e+00
3.736842105262999780e+02 7.095544999999999977e-04 1.397344045499999909e+00
3.743421052631999828e+02 7.108406000000000056e-04 1.397466822099999950e+00
3.750000000000000000e+02 7.120759999999999633e-04 1.397589913500000058e+00
3.756578947368000172e+02 7.133744000000000456e-04 1.397718005900000060e+00
3.763157894737000220e+02 7.146776999999999557e-04 1.397844254700000066e+00
3.769736842104999823e+02 7.159325000000000237e-04 1.397967071799999905e+00
3.776315789473999871e+02 7.171118999999999671e-04 1.398085424400000054e+00
3.782894736842000043e+02 7.181889000000000111e-04 1.398200405200000107e+00
3.789473684211000091e+02 7.192490999999999642e-04 1.398318567700000070e+00
3.796052631579000263e+02 7.203504999999999804e-04 1.398439514999999966e+00
3.802631578946999866e+02 7.214466000000000325e-04 1.398560383600000012e+00
3.809210526315999914e+02 7.225528999999999849e-04 1.398679986299999900e+00
3.815789473684000086e+02 7.235355000000000389e-04 1.398792183200000094e+00
3.822368421053000134e+02 7.244550999999999682e-04 1.398904395700000025e+00
3.828947368420999737e+02 7.253395000000000372e-04 1.399016775200000007e+00
3.835526315788999909e+02 7.262355000000000503e-04 1.399132975999999973e+00
3.842105263157999957e+02 7.271836000000000489e-04 1.399251499200000026e+00
3.848684210526000129e+02 7.281008000000000271e-04 1.399366588099999920e+00
3.855263157895000177e+02 7.289361999999999751e-04 1.399477649799999890e+00
3.861842105262999780e+02 7.297096000000000311e-04 1.399586716900000027e+00
3.868421052631999828e+02 7.304034999999999738e-04 1.399694963500000000e+00
3.875000000000000000e+02 7.311578999999999474e-04 1.399809844600000019e+00
3.881578947368000172e+02 7.319196999999999509e-04 1.399923888000000005e+00
3.888157894737000220e+02 7.326807000000000068e-04 1.400038700599999908e+00
3.894736842104999823e+02 7.333859000000000081e-04 1.400148298399999991e+00
3.901315789473999871e+02 7.339758999999999737e-04 1.400254924199999973e+00
3.907894736842000043e+02 7.345407000000000195e-04 1.400363245699999926e+00
3.914473684211000091e+02 7.351042999999999814e-04 1.400474850599999987e+00
3.921052631579000263e+02 7.356968999999999662e-04 1.400588953600000020e+00
3.927631578946999866e+02 7.363094000000000149e-04 1.400704135100000025e+00
3.934210526315999914e+02 7.368350999999999547e-04 1.400812799000000108e+00
3.940789473684000086e+02 7.372810000000000041e-04 1.400921680099999955e+00
3.947368421053000134e+02 7.376792999999999762e-04 1.401028482799999919e+00
3.953947368420999737e+02 7.380340000000000424e-04 1.401140468899999991e+00
3.960526315788999909e+02 7.384925999999999774e-04 1.401256242899999949e+00
3.967105263157999957e+02 7.388638000000000323e-04 1.401370859300000049e+00
3.973684210526000129e+02 7.392800000000000369e-04 1.401484435900000047e+00
3.980263157895000177e+02 7.394886000000000471e-04 1.401593575299999950e+00
3.986842105262999780e+02 7.397710999999999957e-04 1.401704043699999902e+00
3.993421052631999828e+02 7.399531000000000424e-04 1.401818070200000044e+00
4.000000000000000000e+02 7.413479000000000379e-04 1.401937442499999964e+00
