0.000000000000000000e+00 1.000000000000000000e+00
1.001001001001000992e-03 1.000000000000000000e+00
2.002002002002001985e-03 1.000000000000000000e+00
3.003003003003002977e-03 1.000000000000000000e+00
4.004004004004003969e-03 1.000000000000000000e+00
5.005005005005004962e-03 1.000000000000000000e+00
6.006006006006005954e-03 1.000000000000000000e+00
7.007007007007006946e-03 1.000000000000000000e+00
8.008008008008007939e-03 1.000000000000000000e+00
9.009009009009008931e-03 1.000000000000000000e+00
1.001001001001000992e-02 1.000000000000000000e+00
1.101101101101101092e-02 1.000000000000000000e+00
1.201201201201201191e-02 1.000000000000000000e+00
1.301301301301301290e-02 1.000000000000000000e+00
1.401401401401401389e-02 1.000000000000000000e+00
1.501501501501501488e-02 1.000000000000000000e+00
1.601601601601601588e-02 1.000000000000000000e+00
1.701701701701701513e-02 1.000000000000000000e+00
1.801801801801801786e-02 1.000000000000000000e+00
1.901901901901902059e-02 1.000000000000000000e+00
2.002002002002001985e-02 1.000000000000000000e+00
2.102102102102101910e-02 1.000000000000000000e+00
2.202202202202202183e-02 1.000000000000000000e+00
2.302302302302302456e-02 1.000000000000000000e+00
2.402402402402402382e-02 1.000000000000000000e+00
2.502502502502502307e-02 1.000000000000000000e+00
2.602602602602602580e-02 1.000000000000000000e+00
2.702702702702702853e-02 1.000000000000000000e+00
2.802802802802802778e-02 1.000000000000000000e+00
2.902902902902902704e-02 1.000000000000000000e+00
3.003003003003002977e-02 1.000000000000000000e+00
3.103103103103103250e-02 1.000000000000000000e+00
3.203203203203203175e-02 1.000000000000000000e+00
3.303303303303303101e-02 1.000000000000000000e+00
3.403403403403403027e-02 1.000000000000000000e+00
3.503503503503503647e-02 1.000000000000000000e+00
3.603603603603603572e-02 1.000000000000000000e+00
3.703703703703703498e-02 1.000000000000000000e+00
3.803803803803804118e-02 1.000000000000000000e+00
3.903903903903904044e-02 1.000000000000000000e+00
4.004004004004003969e-02 1.000000000000000000e+00
4.104104104104103895e-02 1.000000000000000000e+00
4.204204204204203821e-02 1.000000000000000000e+00
4.304304304304304440e-02 1.000000000000000000e+00
4.404404404404404366e-02 1.000000000000000000e+00
4.504504504504504292e-02 1.000000000000000000e+00
4.604604604604604912e-02 1.000000000000000000e+00
4.704704704704704837e-02 1.000000000000000000e+00
4.804804804804804763e-02 1.000000000000000000e+00
4.904904904904904689e-02 1.000000000000000000e+00
5.005005005005004615e-02 1.000000000000000000e+00
5.105105105105105234e-02 1.000000000000000000e+00
5.205205205205205160e-02 1.000000000000000000e+00
5.305305305305305086e-02 1.000000000000000000e+00
5.405405405405405705e-02 1.000000000000000000e+00
5.505505505505505631e-02 1.000000000000000000e+00
5.605605605605605557e-02 1.000000000000000000e+00
5.705705705705705483e-02 1.000000000000000000e+00
5.805805805805805409e-02 1.000000000000000000e+00
5.905905905905906028e-02 1.000000000000000000e+00
6.006006006006005954e-02 1.000000000000000000e+00
6.106106106106105880e-02 1.000000000000000000e+00
6.206206206206206499e-02 1.000000000000000000e+00
6.306306306306305731e-02 1.000000000000000000e+00
6.406406406406406351e-02 1.000000000000000000e+00
6.506506506506506970e-02 1.000000000000000000e+00
6.606606606606606202e-02 1.000000000000000000e+00
6.706706706706706822e-02 1.000000000000000000e+00
6.806806806806806054e-02 1.000000000000000000e+00
6.906906906906906674e-02 1.000000000000000000e+00
7.007007007007007293e-02 1.000000000000000000e+00
7.107107107107106525e-02 1.000000000000000000e+00
7.207207207207207145e-02 1.000000000000000000e+00
7.307307307307307764e-02 1.000000000000000000e+00
7.407407407407406996e-02 1.000000000000000000e+00
7.507507507507507616e-02 1.000000000000000000e+00
7.607607607607608236e-02 1.000000000000000000e+00
7.707707707707707467e-02 1.000000000000000000e+00
7.807807807807808087e-02 1.000000000000000000e+00
7.907907907907907319e-02 1.000000000000000000e+00
8.008008008008007939e-02 1.000000000000000000e+00
8.108108108108108558e-02 1.000000000000000000e+00
8.208208208208207790e-02 1.000000000000000000e+00
8.308308308308308410e-02 1.000000000000000000e+00
8.408408408408407642e-02 1.000000000000000000e+00
8.508508508508508261e-02 1.000000000000000000e+00
8.608608608608608881e-02 1.000000000000000000e+00
8.708708708708708113e-02 1.000000000000000000e+00
8.808808808808808732e-02 1.000000000000000000e+00
8.908908908908909352e-02 1.000000000000000000e+00
9.009009009009008584e-02 1.000000000000000000e+00
9.109109109109109204e-02 1.000000000000000000e+00
9.209209209209209823e-02 1.000000000000000000e+00
9.309309309309309055e-02 1.000000000000000000e+00
9.409409409409409675e-02 1.000000000000000000e+00
9.509509509509508907e-02 1.000000000000000000e+00
9.609609609609609526e-02 1.000000000000000000e+00
9.709709709709710146e-02 1.000000000000000000e+00
9.809809809809809378e-02 1.000000000000000000e+00
9.909909909909909997e-02 1.000000000000000000e+00
1.001001001001000923e-01 1.000000000000000000e+00
1.011011011011010985e-01 1.000000000000000000e+00
1.021021021021021047e-01 1.000000000000000000e+00
1.031031031031030970e-01 1.000000000000000000e+00
1.041041041041041032e-01 1.000000000000000000e+00
1.051051051051051094e-01 1.000000000000000000e+00
1.061061061061061017e-01 1.000000000000000000e+00
1.071071071071071079e-01 1.000000000000000000e+00
1.081081081081081141e-01 1.000000000000000000e+00
1.091091091091091064e-01 1.000000000000000000e+00
1.101101101101101126e-01 1.000000000000000000e+00
1.111111111111111049e-01 1.000000000000000000e+00
1.121121121121121111e-01 1.000000000000000000e+00
1.131131131131131173e-01 1.000000000000000000e+00
1.141141141141141097e-01 1.000000000000000000e+00
1.151151151151151159e-01 1.000000000000000000e+00
1.161161161161161082e-01 1.000000000000000000e+00
1.171171171171171144e-01 1.000000000000000000e+00
1.181181181181181206e-01 1.000000000000000000e+00
1.191191191191191129e-01 1.000000000000000000e+00
1.201201201201201191e-01 1.000000000000000000e+00
1.211211211211211253e-01 1.000000000000000000e+00
1.221221221221221176e-01 1.000000000000000000e+00
1.231231231231231238e-01 1.000000000000000000e+00
1.241241241241241300e-01 1.000000000000000000e+00
1.251251251251251362e-01 1.000000000000000000e+00
1.261261261261261146e-01 1.000000000000000000e+00
1.271271271271271208e-01 1.000000000000000000e+00
1.281281281281281270e-01 1.000000000000000000e+00
1.291291291291291332e-01 1.000000000000000000e+00
1.301301301301301394e-01 1.000000000000000000e+00
1.311311311311311179e-01 1.000000000000000000e+00
1.321321321321321240e-01 1.000000000000000000e+00
1.331331331331331302e-01 1.000000000000000000e+00
1.341341341341341364e-01 1.000000000000000000e+00
1.351351351351351426e-01 1.000000000000000000e+00
1.361361361361361211e-01 1.000000000000000000e+00
1.371371371371371273e-01 1.000000000000000000e+00
1.381381381381381335e-01 1.000000000000000000e+00
1.391391391391391397e-01 1.000000000000000000e+00
1.401401401401401459e-01 1.000000000000000000e+00
1.411411411411411521e-01 1.000000000000000000e+00
1.421421421421421305e-01 1.000000000000000000e+00
1.431431431431431367e-01 1.000000000000000000e+00
1.441441441441441429e-01 1.000000000000000000e+00
1.451451451451451491e-01 1.000000000000000000e+00
1.461461461461461553e-01 1.000000000000000000e+00
1.471471471471471337e-01 1.000000000000000000e+00
1.481481481481481399e-01 1.000000000000000000e+00
1.491491491491491461e-01 1.000000000000000000e+00
1.501501501501501523e-01 1.000000000000000000e+00
1.511511511511511585e-01 1.000000000000000000e+00
1.521521521521521647e-01 1.000000000000000000e+00
1.531531531531531432e-01 1.000000000000000000e+00
1.541541541541541493e-01 1.000000000000000000e+00
1.551551551551551555e-01 1.000000000000000000e+00
1.561561561561561617e-01 1.000000000000000000e+00
1.571571571571571679e-01 1.000000000000000000e+00
1.581581581581581464e-01 1.000000000000000000e+00
1.591591591591591526e-01 1.000000000000000000e+00
1.601601601601601588e-01 1.000000000000000000e+00
1.611611611611611650e-01 1.000000000000000000e+00
1.621621621621621712e-01 1.000000000000000000e+00
1.631631631631631496e-01 1.000000000000000000e+00
1.641641641641641558e-01 1.000000000000000000e+00
1.651651651651651620e-01 1.000000000000000000e+00
1.661661661661661682e-01 1.000000000000000000e+00
1.671671671671671744e-01 1.000000000000000000e+00
1.681681681681681528e-01 1.000000000000000000e+00
1.691691691691691590e-01 1.000000000000000000e+00
1.701701701701701652e-01 1.000000000000000000e+00
1.711711711711711714e-01 1.000000000000000000e+00
1.721721721721721776e-01 1.000000000000000000e+00
1.731731731731731838e-01 1.000000000000000000e+00
1.741741741741741623e-01 1.000000000000000000e+00
1.751751751751751685e-01 1.000000000000000000e+00
1.761761761761761746e-01 1.000000000000000000e+00
1.771771771771771808e-01 1.000000000000000000e+00
1.781781781781781870e-01 1.000000000000000000e+00
1.791791791791791655e-01 1.000000000000000000e+00
1.801801801801801717e-01 1.000000000000000000e+00
1.811811811811811779e-01 1.000000000000000000e+00
1.821821821821821841e-01 1.000000000000000000e+00
1.831831831831831903e-01 1.000000000000000000e+00
1.841841841841841965e-01 1.000000000000000000e+00
1.851851851851851749e-01 1.000000000000000000e+00
1.861861861861861811e-01 1.000000000000000000e+00
1.871871871871871873e-01 1.000000000000000000e+00
1.881881881881881935e-01 1.000000000000000000e+00
1.891891891891891997e-01 1.000000000000000000e+00
1.901901901901901781e-01 1.000000000000000000e+00
1.911911911911911843e-01 1.000000000000000000e+00
1.921921921921921905e-01 1.000000000000000000e+00
1.931931931931931967e-01 1.000000000000000000e+00
1.941941941941942029e-01 1.000000000000000000e+00
1.951951951951951814e-01 1.000000000000000000e+00
1.961961961961961876e-01 1.000000000000000000e+00
1.971971971971971938e-01 1.000000000000000000e+00
1.981981981981981999e-01 1.000000000000000000e+00
1.991991991991992061e-01 1.000000000000000000e+00
2.002002002002001846e-01 1.000000000000000000e+00
2.012012012012011908e-01 1.000000000000000000e+00
2.022022022022021970e-01 1.000000000000000000e+00
2.032032032032032032e-01 1.000000000000000000e+00
2.042042042042042094e-01 1.000000000000000000e+00
2.052052052052052156e-01 1.000000000000000000e+00
2.062062062062061940e-01 1.000000000000000000e+00
2.072072072072072002e-01 1.000000000000000000e+00
2.082082082082082064e-01 1.000000000000000000e+00
2.092092092092092126e-01 1.000000000000000000e+00
2.102102102102102188e-01 1.000000000000000000e+00
2.112112112112111972e-01 1.000000000000000000e+00
2.122122122122122034e-01 1.000000000000000000e+00
2.132132132132132096e-01 1.000000000000000000e+00
2.142142142142142158e-01 1.000000000000000000e+00
2.152152152152152220e-01 1.000000000000000000e+00
2.162162162162162282e-01 1.000000000000000000e+00
2.172172172172172067e-01 1.000000000000000000e+00
2.182182182182182129e-01 1.000000000000000000e+00
2.192192192192192191e-01 1.000000000000000000e+00
2.202202202202202252e-01 1.000000000000000000e+00
2.212212212212212314e-01 1.000000000000000000e+00
2.222222222222222099e-01 1.000000000000000000e+00
2.232232232232232161e-01 1.000000000000000000e+00
2.242242242242242223e-01 1.000000000000000000e+00
2.252252252252252285e-01 1.000000000000000000e+00
2.262262262262262347e-01 1.000000000000000000e+00
2.272272272272272131e-01 1.000000000000000000e+00
2.282282282282282193e-01 1.000000000000000000e+00
2.292292292292292255e-01 1.000000000000000000e+00
2.302302302302302317e-01 1.000000000000000000e+00
2.312312312312312379e-01 1.000000000000000000e+00
2.322322322322322163e-01 1.000000000000000000e+00
2.332332332332332225e-01 1.000000000000000000e+00
2.342342342342342287e-01 1.000000000000000000e+00
2.352352352352352349e-01 1.000000000000000000e+00
2.362362362362362411e-01 1.000000000000000000e+00
2.372372372372372473e-01 1.000000000000000000e+00
2.382382382382382258e-01 1.000000000000000000e+00
2.392392392392392320e-01 1.000000000000000000e+00
2.402402402402402382e-01 1.000000000000000000e+00
2.412412412412412444e-01 1.000000000000000000e+00
2.422422422422422505e-01 1.000000000000000000e+00
2.432432432432432290e-01 1.000000000000000000e+00
2.442442442442442352e-01 1.000000000000000000e+00
2.452452452452452414e-01 1.000000000000000000e+00
2.462462462462462476e-01 1.000000000000000000e+00
2.472472472472472538e-01 1.000000000000000000e+00
2.482482482482482600e-01 1.000000000000000000e+00
2.492492492492492384e-01 1.000000000000000000e+00
2.502502502502502724e-01 1.000000000000000000e+00
2.512512512512512508e-01 1.000000000000000000e+00
2.522522522522522292e-01 1.000000000000000000e+00
2.532532532532532632e-01 1.000000000000000000e+00
2.542542542542542416e-01 1.000000000000000000e+00
2.552552552552552756e-01 1.000000000000000000e+00
2.562562562562562540e-01 1.000000000000000000e+00
2.572572572572572325e-01 1.000000000000000000e+00
2.582582582582582664e-01 1.000000000000000000e+00
2.592592592592592449e-01 1.000000000000000000e+00
2.602602602602602788e-01 1.000000000000000000e+00
2.612612612612612573e-01 1.000000000000000000e+00
2.622622622622622357e-01 1.000000000000000000e+00
2.632632632632632697e-01 1.000000000000000000e+00
2.642642642642642481e-01 9.968084989600783929e-01
2.652652652652652820e-01 9.932974580403818310e-01
2.662662662662662605e-01 9.897963175993923501e-01
2.672672672672672389e-01 9.863050566842113120e-01
2.682682682682682729e-01 9.828236543715211937e-01
2.692692692692692513e-01 9.793520897675693782e-01
2.702702702702702853e-01 9.758903420081428415e-01
2.712712712712712637e-01 9.724383902585493900e-01
2.722722722722722422e-01 9.689962137135982312e-01
2.732732732732732761e-01 9.655637915975753272e-01
2.742742742742742545e-01 9.621411031642264078e-01
2.752752752752752885e-01 9.587281276967331012e-01
2.762762762762762669e-01 9.553248445076935047e-01
2.772772772772773009e-01 9.519312329391004246e-01
2.782782782782782793e-01 9.485472723623220581e-01
2.792792792792792578e-01 9.451729421780803442e-01
2.802802802802802917e-01 9.418082218164283148e-01
2.812812812812812702e-01 9.384530907367316654e-01
2.822822822822823041e-01 9.351075284276457733e-01
2.832832832832832826e-01 9.317715144070974898e-01
2.842842842842842610e-01 9.284450282222622697e-01
2.852852852852852950e-01 9.251280494495426332e-01
2.862862862862862734e-01 9.218205576945489588e-01
2.872872872872873073e-01 9.185225325920772788e-01
2.882882882882882858e-01 9.152339538060906277e-01
2.892892892892892642e-01 9.119548010296941731e-01
2.902902902902902982e-01 9.086850539851190067e-01
2.912912912912912766e-01 9.054246924236972749e-01
2.922922922922923106e-01 9.021736961258428611e-01
2.932932932932932890e-01 8.989320449010321790e-01
2.942942942942942675e-01 8.956997185877793033e-01
2.952952952952953014e-01 8.924766970536197608e-01
2.962962962962962798e-01 8.892629601950854390e-01
2.972972972972973138e-01 8.860584879376857126e-01
2.982982982982982922e-01 8.828632602358877923e-01
2.992992992992992707e-01 8.796772570730928553e-01
3.003003003003003046e-01 8.765004584616166161e-01
3.013013013013012831e-01 8.733328444426700088e-01
3.023023023023023170e-01 8.701743950863348731e-01
3.033033033033032955e-01 8.670250904915466350e-01
3.043043043043043294e-01 8.638849107860698817e-01
3.053053053053053079e-01 8.607538361264814863e-01
3.063063063063062863e-01 8.576318466981457389e-01
3.073073073073073203e-01 8.545189227151951394e-01
3.083083083083082987e-01 8.514150444205115242e-01
3.093093093093093326e-01 8.483201920857006417e-01
3.103103103103103111e-01 8.452343460110762763e-01
3.113113113113112895e-01 8.421574865256351572e-01
3.123123123123123235e-01 8.390895939870380849e-01
3.133133133133133019e-01 8.360306487815898357e-01
3.143143143143143359e-01 8.329806313242156257e-01
3.153153153153153143e-01 8.299395220584433464e-01
3.163163163163162928e-01 8.269073014563800283e-01
3.173173173173173267e-01 8.238839500186915243e-01
3.183183183183183051e-01 8.208694482745839682e-01
3.193193193193193391e-01 8.178637767817789062e-01
3.203203203203203175e-01 8.148669161264963101e-01
3.213213213213212960e-01 8.118788469234304861e-01
3.223223223223223299e-01 8.088995498157305342e-01
3.233233233233233084e-01 8.059290054749810306e-01
3.243243243243243423e-01 8.029671946011779360e-01
3.253253253253253208e-01 8.000140979227094995e-01
3.263263263263262992e-01 7.970696961963362748e-01
3.273273273273273332e-01 7.941339702071674722e-01
3.283283283283283116e-01 7.912069007686437505e-01
3.293293293293293456e-01 7.882884687225125697e-01
3.303303303303303240e-01 7.853786549388090954e-01
3.313313313313313024e-01 7.824774403158365477e-01
3.323323323323323364e-01 7.795848057801423314e-01
3.333333333333333148e-01 7.767007322865003838e-01
3.343343343343343488e-01 7.738252008178874153e-01
3.353353353353353272e-01 7.709581923854630370e-01
3.363363363363363057e-01 7.680996880285506645e-01
3.373373373373373396e-01 7.652496688146135373e-01
3.383383383383383181e-01 7.624081158392355118e-01
3.393393393393393520e-01 7.595750102261009662e-01
3.403403403403403304e-01 7.567503331269714861e-01
3.413413413413413644e-01 7.539340657216678787e-01
3.423423423423423428e-01 7.511261892180465249e-01
3.433433433433433213e-01 7.483266848519797287e-01
3.443443443443443552e-01 7.455355338873362880e-01
3.453453453453453337e-01 7.427527176159570699e-01
3.463463463463463676e-01 7.399782173576381350e-01
3.473473473473473461e-01 7.372120144601065350e-01
3.483483483483483245e-01 7.344540902990006614e-01
3.493493493493493585e-01 7.317044262778508168e-01
3.503503503503503369e-01 7.289630038280556779e-01
3.513513513513513709e-01 7.262298044088624227e-01
3.523523523523523493e-01 7.235048095073476349e-01
3.533533533533533277e-01 7.207880006383928784e-01
3.543543543543543617e-01 7.180793593446676004e-01
3.553553553553553401e-01 7.153788671966050394e-01
3.563563563563563741e-01 7.126865057923827962e-01
3.573573573573573525e-01 7.100022567579028498e-01
3.583583583583583310e-01 7.073261017467685763e-01
3.593593593593593649e-01 7.046580224402646531e-01
3.603603603603603434e-01 7.019980005473378526e-01
3.613613613613613773e-01 6.993460178045729503e-01
3.623623623623623557e-01 6.967020559761751830e-01
3.633633633633633342e-01 6.940660968539466014e-01
3.643643643643643681e-01 6.914381222572659746e-01
3.653653653653653466e-01 6.888181140330700281e-01
3.663663663663663805e-01 6.862060540558284627e-01
3.673673673673673590e-01 6.836019242275273022e-01
3.683683683683683929e-01 6.810057064776444680e-01
3.693693693693693714e-01 6.784173827631316822e-01
3.703703703703703498e-01 6.758369350683915977e-01
3.713713713713713838e-01 6.732643454052570364e-01
3.723723723723723622e-01 6.706995958129723379e-01
3.733733733733733962e-01 6.681426683581690451e-01
3.743743743743743746e-01 6.655935451348482523e-01
3.753753753753753530e-01 6.630522082643570680e-01
3.763763763763763870e-01 6.605186398953689642e-01
3.773773773773773654e-01 6.579928222038637919e-01
3.783783783783783994e-01 6.554747373931044674e-01
3.793793793793793778e-01 6.529643676936186525e-01
3.803803803803803563e-01 6.504616953631759957e-01
3.813813813813813902e-01 6.479667026867674817e-01
3.823823823823823687e-01 6.454793719765864468e-01
3.833833833833834026e-01 6.429996855720042648e-01
3.843843843843843811e-01 6.405276258395533606e-01
3.853853853853853595e-01 6.380631751729027856e-01
3.863863863863863934e-01 6.356063159928390105e-01
3.873873873873873719e-01 6.331570307472459413e-01
3.883883883883884058e-01 6.307153019110819381e-01
3.893893893893893843e-01 6.282811119863598304e-01
3.903903903903903627e-01 6.258544435021273777e-01
3.913913913913913967e-01 6.234352790144431777e-01
3.923923923923923751e-01 6.210236011063597905e-01
3.933933933933934091e-01 6.186193923878992029e-01
3.943943943943943875e-01 6.162226354960336216e-01
3.953953953953953659e-01 6.138333130946654892e-01
3.963963963963963999e-01 6.114514078746039472e-01
3.973973973973973783e-01 6.090769025535474057e-01
3.983983983983984123e-01 6.067097798760590077e-01
3.993993993993993907e-01 6.043500226135478659e-01
4.004004004004003692e-01 6.019976135642489679e-01
4.014014014014014031e-01 5.996525355531996393e-01
4.024024024024023816e-01 5.973147714322202262e-01
4.034034034034034155e-01 5.949843040798942218e-01
4.044044044044043940e-01 5.926611164015446187e-01
4.054054054054054279e-01 5.903451913292161457e-01
4.064064064064064064e-01 5.880365118216516196e-01
4.074074074074073848e-01 5.857350608642724055e-01
4.084084084084084187e-01 5.834408214691583217e-01
4.094094094094093972e-01 5.811537766750241030e-01
4.104104104104104311e-01 5.788739095472020812e-01
4.114114114114114096e-01 5.766012031776178715e-01
4.124124124124123880e-01 5.743356406847711648e-01
4.134134134134134220e-01 5.720772052137157448e-01
4.144144144144144004e-01 5.698258799360362836e-01
4.154154154154154344e-01 5.675816480498288019e-01
4.164164164164164128e-01 5.653444927796804631e-01
4.174174174174173912e-01 5.631143973766465916e-01
4.184184184184184252e-01 5.608913451182323540e-01
4.194194194194194036e-01 5.586753193083693336e-01
4.204204204204204376e-01 5.564663032773959905e-01
4.214214214214214160e-01 5.542642803820374553e-01
4.224224224224223945e-01 5.520692340053825475e-01
4.234234234234234284e-01 5.498811475568653462e-01
4.244244244244244069e-01 5.477000044722419858e-01
4.254254254254254408e-01 5.455257882135707836e-01
4.264264264264264193e-01 5.433584822691924776e-01
4.274274274274273977e-01 5.411980701537068006e-01
4.284284284284284317e-01 5.390445354079541618e-01
4.294294294294294101e-01 5.368978615989928871e-01
4.304304304304304440e-01 5.347580323200787911e-01
4.314314314314314225e-01 5.326250311906454149e-01
4.324324324324324564e-01 5.304988418562811558e-01
4.334334334334334349e-01 5.283794479887103934e-01
4.344344344344344133e-01 5.262668332857709519e-01
4.354354354354354473e-01 5.241609814713935611e-01
4.364364364364364257e-01 5.220618762955825387e-01
4.374374374374374597e-01 5.199695015343920312e-01
4.384384384384384381e-01 5.178838409899081396e-01
4.394394394394394165e-01 5.158048784902256045e-01
4.404404404404404505e-01 5.137325978894278222e-01
4.414414414414414289e-01 5.116669830675669717e-01
4.424424424424424629e-01 5.096080179306408109e-01
4.434434434434434413e-01 5.075556864105745802e-01
4.444444444444444198e-01 5.055099724651974658e-01
4.454454454454454537e-01 5.034708600782229482e-01
4.464464464464464322e-01 5.014383332592288189e-01
4.474474474474474661e-01 4.994123760436339210e-01
4.484484484484484446e-01 4.973929724926799412e-01
4.494494494494494230e-01 4.953801066934082620e-01
4.504504504504504570e-01 4.933737627586399221e-01
4.514514514514514354e-01 4.913739248269557991e-01
4.524524524524524693e-01 4.893805770626732943e-01
4.534534534534534478e-01 4.873937036558282365e-01
4.544544544544544262e-01 4.854132888221515674e-01
4.554554554554554602e-01 4.834393168030494681e-01
4.564564564564564386e-01 4.814717718655833756e-01
4.574574574574574726e-01 4.795106383024468344e-01
4.584584584584584510e-01 4.775559004319473444e-01
4.594594594594594295e-01 4.756075425979828797e-01
4.604604604604604634e-01 4.736655491700222376e-01
4.614614614614614418e-01 4.717299045430850546e-01
4.624624624624624758e-01 4.698005931377185473e-01
4.634634634634634542e-01 4.678775993999792493e-01
4.644644644644644327e-01 4.659609078014098071e-01
4.654654654654654666e-01 4.640505028390196074e-01
4.664664664664664451e-01 4.621463690352628495e-01
4.674674674674674790e-01 4.602484909380188949e-01
4.684684684684684575e-01 4.583568531205705621e-01
4.694694694694694914e-01 4.564714401815828659e-01
4.704704704704704699e-01 4.545922367450823676e-01
4.714714714714714483e-01 4.527192274604374123e-01
4.724724724724724823e-01 4.508523970023351479e-01
4.734734734734734607e-01 4.489917300707629289e-01
4.744744744744744946e-01 4.471372113909853341e-01
4.754754754754754731e-01 4.452888257135245165e-01
4.764764764764764515e-01 4.434465578141388864e-01
4.774774774774774855e-01 4.416103924938021286e-01
4.784784784784784639e-01 4.397803145786829959e-01
4.794794794794794979e-01 4.379563089201238268e-01
4.804804804804804763e-01 4.361383603946192844e-01
4.814814814814814548e-01 4.343264539037956506e-01
4.824824824824824887e-01 4.325205743743911757e-01
4.834834834834834671e-01 4.307207067582330406e-01
4.844844844844845011e-01 4.289268360322186502e-01
4.854854854854854795e-01 4.271389471982927066e-01
4.864864864864864580e-01 4.263194281784954409e-01
4.874874874874874919e-01 4.263194281784954409e-01
4.884884884884884704e-01 4.263194281784954409e-01
4.894894894894895043e-01 4.263194281784954409e-01
4.904904904904904828e-01 4.263194281784954409e-01
4.914914914914914612e-01 4.263194281784954409e-01
4.924924924924924952e-01 4.263194281784954409e-01
4.934934934934934736e-01 4.263194281784954409e-01
4.944944944944945076e-01 4.263194281784954409e-01
4.954954954954954860e-01 4.263194281784954409e-01
4.964964964964965199e-01 4.263194281784954409e-01
4.974974974974974984e-01 4.263194281784954409e-01
4.984984984984984768e-01 4.263194281784954409e-01
4.994994994994995108e-01 4.263194281784954409e-01
5.005005005005005447e-01 4.263194281784954409e-01
5.015015015015015232e-01 4.263194281784954409e-01
5.025025025025025016e-01 4.263194281784954409e-01
5.035035035035034801e-01 4.263194281784954409e-01
5.045045045045044585e-01 4.263194281784954409e-01
5.055055055055055480e-01 4.263194281784954409e-01
5.065065065065065264e-01 4.263194281784954409e-01
5.075075075075075048e-01 4.263194281784954409e-01
5.085085085085084833e-01 4.263194281784954409e-01
5.095095095095094617e-01 4.263194281784954409e-01
5.105105105105105512e-01 4.263194281784954409e-01
5.115115115115115296e-01 4.263194281784954409e-01
5.125125125125125081e-01 4.263194281784954409e-01
5.135135135135134865e-01 4.263194281784954409e-01
5.145145145145144649e-01 4.263194281784954409e-01
5.155155155155155544e-01 4.263194281784954409e-01
5.165165165165165329e-01 4.263194281784954409e-01
5.175175175175175113e-01 4.263194281784954409e-01
5.185185185185184897e-01 4.263194281784954409e-01
5.195195195195194682e-01 4.263194281784954409e-01
5.205205205205205576e-01 4.263194281784954409e-01
5.215215215215215361e-01 4.263194281784954409e-01
5.225225225225225145e-01 4.263194281784954409e-01
5.235235235235234930e-01 4.263194281784954409e-01
5.245245245245244714e-01 4.263194281784954409e-01
5.255255255255255609e-01 4.263194281784954409e-01
5.265265265265265393e-01 4.263194281784954409e-01
5.275275275275275177e-01 4.263194281784954409e-01
5.285285285285284962e-01 4.263194281784954409e-01
5.295295295295294746e-01 4.263194281784954409e-01
5.305305305305305641e-01 4.263194281784954409e-01
5.315315315315315425e-01 4.263194281784954409e-01
5.325325325325325210e-01 4.263194281784954409e-01
5.335335335335334994e-01 4.263194281784954409e-01
5.345345345345344779e-01 4.263194281784954409e-01
5.355355355355355673e-01 4.263194281784954409e-01
5.365365365365365458e-01 4.263194281784954409e-01
5.375375375375375242e-01 4.263194281784954409e-01
5.385385385385385026e-01 4.263194281784954409e-01
5.395395395395394811e-01 4.263194281784954409e-01
5.405405405405405705e-01 4.263194281784954409e-01
5.415415415415415490e-01 4.263194281784954409e-01
5.425425425425425274e-01 4.263194281784954409e-01
5.435435435435435059e-01 4.263194281784954409e-01
5.445445445445444843e-01 4.263194281784954409e-01
5.455455455455455738e-01 4.263194281784954409e-01
5.465465465465465522e-01 4.263194281784954409e-01
5.475475475475475307e-01 4.263194281784954409e-01
5.485485485485485091e-01 4.263194281784954409e-01
5.495495495495495986e-01 4.263194281784954409e-01
5.505505505505505770e-01 4.263194281784954409e-01
5.515515515515515554e-01 4.263194281784954409e-01
5.525525525525525339e-01 4.263194281784954409e-01
5.535535535535535123e-01 4.263194281784954409e-01
5.545545545545546018e-01 4.263194281784954409e-01
5.555555555555555802e-01 4.263194281784954409e-01
5.565565565565565587e-01 4.263194281784954409e-01
5.575575575575575371e-01 4.263194281784954409e-01
5.585585585585585155e-01 4.263194281784954409e-01
5.595595595595596050e-01 4.263194281784954409e-01
5.605605605605605835e-01 4.263194281784954409e-01
5.615615615615615619e-01 4.263194281784954409e-01
5.625625625625625403e-01 4.263194281784954409e-01
5.635635635635635188e-01 4.263194281784954409e-01
5.645645645645646082e-01 4.263194281784954409e-01
5.655655655655655867e-01 4.263194281784954409e-01
5.665665665665665651e-01 4.263194281784954409e-01
5.675675675675675436e-01 4.263194281784954409e-01
5.685685685685685220e-01 4.263194281784954409e-01
5.695695695695696115e-01 4.263194281784954409e-01
5.705705705705705899e-01 4.263194281784954409e-01
5.715715715715715683e-01 4.263194281784954409e-01
5.725725725725725468e-01 4.263194281784954409e-01
5.735735735735735252e-01 4.263194281784954409e-01
5.745745745745746147e-01 4.263194281784954409e-01
5.755755755755755931e-01 4.263194281784954409e-01
5.765765765765765716e-01 4.263194281784954409e-01
5.775775775775775500e-01 4.263194281784954409e-01
5.785785785785785285e-01 4.263194281784954409e-01
5.795795795795796179e-01 4.263194281784954409e-01
5.805805805805805964e-01 4.263194281784954409e-01
5.815815815815815748e-01 4.263194281784954409e-01
5.825825825825825532e-01 4.263194281784954409e-01
5.835835835835835317e-01 4.263194281784954409e-01
5.845845845845846211e-01 4.263194281784954409e-01
5.855855855855855996e-01 4.263194281784954409e-01
5.865865865865865780e-01 4.263194281784954409e-01
5.875875875875875565e-01 4.263194281784954409e-01
5.885885885885885349e-01 4.263194281784954409e-01
5.895895895895896244e-01 4.263194281784954409e-01
5.905905905905906028e-01 4.263194281784954409e-01
5.915915915915915813e-01 4.263194281784954409e-01
5.925925925925925597e-01 4.263194281784954409e-01
5.935935935935935381e-01 4.263194281784954409e-01
5.945945945945946276e-01 4.263194281784954409e-01
5.955955955955956060e-01 4.263194281784954409e-01
5.965965965965965845e-01 4.263194281784954409e-01
5.975975975975975629e-01 4.263194281784954409e-01
5.985985985985985414e-01 4.263194281784954409e-01
5.995995995995996308e-01 4.263194281784954409e-01
6.006006006006006093e-01 4.263194281784954409e-01
6.016016016016015877e-01 4.263194281784954409e-01
6.026026026026025662e-01 4.263194281784954409e-01
6.036036036036035446e-01 4.263194281784954409e-01
6.046046046046046341e-01 4.263194281784954409e-01
6.056056056056056125e-01 4.263194281784954409e-01
6.066066066066065909e-01 4.263194281784954409e-01
6.076076076076075694e-01 4.263194281784954409e-01
6.086086086086086588e-01 4.263194281784954409e-01
6.096096096096096373e-01 4.263194281784954409e-01
6.106106106106106157e-01 4.263194281784954409e-01
6.116116116116115942e-01 4.263194281784954409e-01
6.126126126126125726e-01 4.263194281784954409e-01
6.136136136136136621e-01 4.263194281784954409e-01
6.146146146146146405e-01 4.263194281784954409e-01
6.156156156156156189e-01 4.263194281784954409e-01
6.166166166166165974e-01 4.263194281784954409e-01
6.176176176176175758e-01 4.263194281784954409e-01
6.186186186186186653e-01 4.263194281784954409e-01
6.196196196196196437e-01 4.263194281784954409e-01
6.206206206206206222e-01 4.263194281784954409e-01
6.216216216216216006e-01 4.263194281784954409e-01
6.226226226226225791e-01 4.263194281784954409e-01
6.236236236236236685e-01 4.263194281784954409e-01
6.246246246246246470e-01 4.263194281784954409e-01
6.256256256256256254e-01 4.263194281784954409e-01
6.266266266266266038e-01 4.263194281784954409e-01
6.276276276276275823e-01 4.263194281784954409e-01
6.286286286286286717e-01 4.263194281784954409e-01
6.296296296296296502e-01 4.263194281784954409e-01
6.306306306306306286e-01 4.263194281784954409e-01
6.316316316316316071e-01 4.263194281784954409e-01
6.326326326326325855e-01 4.263194281784954409e-01
6.336336336336336750e-01 4.263194281784954409e-01
6.346346346346346534e-01 4.263194281784954409e-01
6.356356356356356319e-01 4.263194281784954409e-01
6.366366366366366103e-01 4.263194281784954409e-01
6.376376376376375887e-01 4.263194281784954409e-01
6.386386386386386782e-01 4.263194281784954409e-01
6.396396396396396566e-01 4.263194281784954409e-01
6.406406406406406351e-01 4.263194281784954409e-01
6.416416416416416135e-01 4.263194281784954409e-01
6.426426426426425920e-01 4.263194281784954409e-01
6.436436436436436814e-01 4.263194281784954409e-01
6.446446446446446599e-01 4.263194281784954409e-01
6.456456456456456383e-01 4.263194281784954409e-01
6.466466466466466168e-01 4.263194281784954409e-01
6.476476476476475952e-01 4.263194281784954409e-01
6.486486486486486847e-01 4.263194281784954409e-01
6.496496496496496631e-01 4.263194281784954409e-01
6.506506506506506415e-01 4.263194281784954409e-01
6.516516516516516200e-01 4.263194281784954409e-01
6.526526526526525984e-01 4.263194281784954409e-01
6.536536536536536879e-01 4.263194281784954409e-01
6.546546546546546663e-01 4.263194281784954409e-01
6.556556556556556448e-01 4.263194281784954409e-01
6.566566566566566232e-01 4.263194281784954409e-01
6.576576576576576016e-01 4.263194281784954409e-01
6.586586586586586911e-01 4.263194281784954409e-01
6.596596596596596696e-01 4.263194281784954409e-01
6.606606606606606480e-01 4.263194281784954409e-01
6.616616616616616264e-01 4.263194281784954409e-01
6.626626626626626049e-01 4.263194281784954409e-01
6.636636636636636943e-01 4.263194281784954409e-01
6.646646646646646728e-01 4.263194281784954409e-01
6.656656656656656512e-01 4.263194281784954409e-01
6.666666666666666297e-01 4.263194281784954409e-01
6.676676676676676081e-01 4.263194281784954409e-01
6.686686686686686976e-01 4.263194281784954409e-01
6.696696696696696760e-01 4.263194281784954409e-01
6.706706706706706544e-01 4.263194281784954409e-01
6.716716716716716329e-01 4.263194281784954409e-01
6.726726726726726113e-01 4.263194281784954409e-01
6.736736736736737008e-01 4.263194281784954409e-01
6.746746746746746792e-01 4.263194281784954409e-01
6.756756756756756577e-01 4.263194281784954409e-01
6.766766766766766361e-01 4.263194281784954409e-01
6.776776776776777256e-01 4.263194281784954409e-01
6.786786786786787040e-01 4.263194281784954409e-01
6.796796796796796825e-01 4.263194281784954409e-01
6.806806806806806609e-01 4.263194281784954409e-01
6.816816816816816393e-01 4.263194281784954409e-01
6.826826826826827288e-01 4.263194281784954409e-01
6.836836836836837072e-01 4.263194281784954409e-01
6.846846846846846857e-01 4.263194281784954409e-01
6.856856856856856641e-01 2.655737117053072471e-01
6.866866866866866426e-01 2.655737117053072471e-01
6.876876876876877320e-01 2.655737117053072471e-01
6.886886886886887105e-01 2.655737117053072471e-01
6.896896896896896889e-01 2.655737117053072471e-01
6.906906906906906674e-01 2.655737117053072471e-01
6.916916916916916458e-01 2.655737117053072471e-01
6.926926926926927353e-01 2.655737117053072471e-01
6.936936936936937137e-01 2.655737117053072471e-01
6.946946946946946921e-01 2.655737117053072471e-01
6.956956956956956706e-01 2.655737117053072471e-01
6.966966966966966490e-01 2.655737117053072471e-01
6.976976976976977385e-01 2.655737117053072471e-01
6.986986986986987169e-01 2.655737117053072471e-01
6.996996996996996954e-01 2.655737117053072471e-01
7.007007007007006738e-01 2.655737117053072471e-01
7.017017017017016522e-01 2.655737117053072471e-01
7.027027027027027417e-01 2.655737117053072471e-01
7.037037037037037202e-01 2.655737117053072471e-01
7.047047047047046986e-01 2.655737117053072471e-01
7.057057057057056770e-01 2.655737117053072471e-01
7.067067067067066555e-01 2.655737117053072471e-01
7.077077077077077449e-01 2.655737117053072471e-01
7.087087087087087234e-01 2.655737117053072471e-01
7.097097097097097018e-01 2.655737117053072471e-01
7.107107107107106803e-01 2.655737117053072471e-01
7.117117117117116587e-01 2.655737117053072471e-01
7.127127127127127482e-01 2.655737117053072471e-01
7.137137137137137266e-01 2.655737117053072471e-01
7.147147147147147050e-01 2.655737117053072471e-01
7.157157157157156835e-01 2.655737117053072471e-01
7.167167167167166619e-01 2.655737117053072471e-01
7.177177177177177514e-01 2.655737117053072471e-01
7.187187187187187298e-01 2.655737117053072471e-01
7.197197197197197083e-01 2.655737117053072471e-01
7.207207207207206867e-01 2.655737117053072471e-01
7.217217217217216652e-01 2.655737117053072471e-01
7.227227227227227546e-01 2.655737117053072471e-01
7.237237237237237331e-01 2.655737117053072471e-01
7.247247247247247115e-01 2.655737117053072471e-01
7.257257257257256899e-01 2.655737117053072471e-01
7.267267267267266684e-01 2.655737117053072471e-01
7.277277277277277578e-01 2.655737117053072471e-01
7.287287287287287363e-01 2.655737117053072471e-01
7.297297297297297147e-01 2.655737117053072471e-01
7.307307307307306932e-01 2.655737117053072471e-01
7.317317317317316716e-01 2.655737117053072471e-01
7.327327327327327611e-01 2.655737117053072471e-01
7.337337337337337395e-01 2.655737117053072471e-01
7.347347347347347180e-01 2.655737117053072471e-01
7.357357357357356964e-01 2.655737117053072471e-01
7.367367367367367859e-01 2.655737117053072471e-01
7.377377377377377643e-01 2.655737117053072471e-01
7.387387387387387427e-01 2.655737117053072471e-01
7.397397397397397212e-01 2.655737117053072471e-01
7.407407407407406996e-01 2.655737117053072471e-01
7.417417417417417891e-01 2.655737117053072471e-01
7.427427427427427675e-01 2.655737117053072471e-01
7.437437437437437460e-01 2.655737117053072471e-01
7.447447447447447244e-01 2.655737117053072471e-01
7.457457457457457028e-01 2.655737117053072471e-01
7.467467467467467923e-01 2.655737117053072471e-01
7.477477477477477708e-01 2.655737117053072471e-01
7.487487487487487492e-01 2.655737117053072471e-01
7.497497497497497276e-01 2.655737117053072471e-01
7.507507507507507061e-01 2.655737117053072471e-01
7.517517517517517955e-01 2.655737117053072471e-01
7.527527527527527740e-01 2.655737117053072471e-01
7.537537537537537524e-01 2.655737117053072471e-01
7.547547547547547309e-01 2.655737117053072471e-01
7.557557557557557093e-01 2.655737117053072471e-01
7.567567567567567988e-01 2.655737117053072471e-01
7.577577577577577772e-01 2.655737117053072471e-01
7.587587587587587556e-01 2.655737117053072471e-01
7.597597597597597341e-01 2.655737117053072471e-01
7.607607607607607125e-01 2.655737117053072471e-01
7.617617617617618020e-01 2.655737117053072471e-01
7.627627627627627804e-01 2.655737117053072471e-01
7.637637637637637589e-01 2.655737117053072471e-01
7.647647647647647373e-01 2.655737117053072471e-01
7.657657657657657158e-01 2.655737117053072471e-01
7.667667667667668052e-01 2.655737117053072471e-01
7.677677677677677837e-01 2.655737117053072471e-01
7.687687687687687621e-01 2.655737117053072471e-01
7.697697697697697405e-01 2.655737117053072471e-01
7.707707707707707190e-01 2.655737117053072471e-01
7.717717717717718084e-01 2.655737117053072471e-01
7.727727727727727869e-01 2.655737117053072471e-01
7.737737737737737653e-01 2.655737117053072471e-01
7.747747747747747438e-01 2.655737117053072471e-01
7.757757757757757222e-01 2.655737117053072471e-01
7.767767767767768117e-01 2.655737117053072471e-01
7.777777777777777901e-01 2.655737117053072471e-01
7.787787787787787686e-01 2.655737117053072471e-01
7.797797797797797470e-01 2.655737117053072471e-01
7.807807807807807254e-01 2.655737117053072471e-01
7.817817817817818149e-01 2.655737117053072471e-01
7.827827827827827933e-01 2.655737117053072471e-01
7.837837837837837718e-01 2.655737117053072471e-01
7.847847847847847502e-01 2.655737117053072471e-01
7.857857857857857287e-01 2.655737117053072471e-01
7.867867867867868181e-01 2.655737117053072471e-01
7.877877877877877966e-01 2.655737117053072471e-01
7.887887887887887750e-01 2.655737117053072471e-01
7.897897897897897534e-01 2.655737117053072471e-01
7.907907907907907319e-01 2.655737117053072471e-01
7.917917917917918214e-01 2.655737117053072471e-01
7.927927927927927998e-01 2.655737117053072471e-01
7.937937937937937782e-01 2.655737117053072471e-01
7.947947947947947567e-01 2.655737117053072471e-01
7.957957957957957351e-01 2.655737117053072471e-01
7.967967967967968246e-01 2.655737117053072471e-01
7.977977977977978030e-01 2.655737117053072471e-01
7.987987987987987815e-01 2.655737117053072471e-01
7.997997997997997599e-01 2.655737117053072471e-01
8.008008008008007383e-01 2.655737117053072471e-01
8.018018018018018278e-01 2.655737117053072471e-01
8.028028028028028062e-01 2.655737117053072471e-01
8.038038038038037847e-01 2.655737117053072471e-01
8.048048048048047631e-01 2.655737117053072471e-01
8.058058058058058526e-01 2.655737117053072471e-01
8.068068068068068310e-01 2.655737117053072471e-01
8.078078078078078095e-01 2.655737117053072471e-01
8.088088088088087879e-01 2.655737117053072471e-01
8.098098098098097664e-01 2.655737117053072471e-01
8.108108108108108558e-01 2.655737117053072471e-01
8.118118118118118343e-01 2.655737117053072471e-01
8.128128128128128127e-01 2.655737117053072471e-01
8.138138138138137911e-01 2.655737117053072471e-01
8.148148148148147696e-01 2.655737117053072471e-01
8.158158158158158590e-01 2.655737117053072471e-01
8.168168168168168375e-01 2.655737117053072471e-01
8.178178178178178159e-01 2.655737117053072471e-01
8.188188188188187944e-01 2.655737117053072471e-01
8.198198198198197728e-01 2.655737117053072471e-01
8.208208208208208623e-01 2.655737117053072471e-01
8.218218218218218407e-01 2.655737117053072471e-01
8.228228228228228192e-01 2.655737117053072471e-01
8.238238238238237976e-01 2.655737117053072471e-01
8.248248248248247760e-01 2.655737117053072471e-01
8.258258258258258655e-01 2.655737117053072471e-01
8.268268268268268439e-01 2.655737117053072471e-01
8.278278278278278224e-01 2.655737117053072471e-01
8.288288288288288008e-01 2.655737117053072471e-01
8.298298298298297793e-01 2.655737117053072471e-01
8.308308308308308687e-01 2.655737117053072471e-01
8.318318318318318472e-01 2.655737117053072471e-01
8.328328328328328256e-01 2.655737117053072471e-01
8.338338338338338041e-01 2.655737117053072471e-01
8.348348348348347825e-01 2.655737117053072471e-01
8.358358358358358720e-01 2.655737117053072471e-01
8.368368368368368504e-01 2.655737117053072471e-01
8.378378378378378288e-01 2.655737117053072471e-01
8.388388388388388073e-01 2.655737117053072471e-01
8.398398398398397857e-01 2.655737117053072471e-01
8.408408408408408752e-01 2.655737117053072471e-01
8.418418418418418536e-01 2.655737117053072471e-01
8.428428428428428321e-01 2.655737117053072471e-01
8.438438438438438105e-01 2.655737117053072471e-01
8.448448448448447889e-01 2.655737117053072471e-01
8.458458458458458784e-01 2.655737117053072471e-01
8.468468468468468568e-01 2.655737117053072471e-01
8.478478478478478353e-01 2.655737117053072471e-01
8.488488488488488137e-01 2.655737117053072471e-01
8.498498498498497922e-01 2.655737117053072471e-01
8.508508508508508816e-01 1.250000000000000000e-01
8.518518518518518601e-01 1.250000000000000000e-01
8.528528528528528385e-01 1.250000000000000000e-01
8.538538538538538170e-01 1.250000000000000000e-01
8.548548548548547954e-01 1.250000000000000000e-01
8.558558558558558849e-01 1.250000000000000000e-01
8.568568568568568633e-01 1.250000000000000000e-01
8.578578578578578417e-01 1.250000000000000000e-01
8.588588588588588202e-01 1.250000000000000000e-01
8.598598598598597986e-01 1.250000000000000000e-01
8.608608608608608881e-01 1.250000000000000000e-01
8.618618618618618665e-01 1.250000000000000000e-01
8.628628628628628450e-01 1.250000000000000000e-01
8.638638638638638234e-01 1.250000000000000000e-01
8.648648648648649129e-01 1.250000000000000000e-01
8.658658658658658913e-01 1.250000000000000000e-01
8.668668668668668698e-01 1.250000000000000000e-01
8.678678678678678482e-01 1.250000000000000000e-01
8.688688688688688266e-01 1.250000000000000000e-01
8.698698698698699161e-01 1.250000000000000000e-01
8.708708708708708945e-01 1.250000000000000000e-01
8.718718718718718730e-01 1.250000000000000000e-01
8.728728728728728514e-01 1.250000000000000000e-01
8.738738738738738299e-01 1.250000000000000000e-01
8.748748748748749193e-01 1.250000000000000000e-01
8.758758758758758978e-01 1.250000000000000000e-01
8.768768768768768762e-01 1.250000000000000000e-01
8.778778778778778547e-01 1.250000000000000000e-01
8.788788788788788331e-01 1.250000000000000000e-01
8.798798798798799226e-01 1.250000000000000000e-01
8.808808808808809010e-01 1.250000000000000000e-01
8.818818818818818794e-01 1.250000000000000000e-01
8.828828828828828579e-01 1.250000000000000000e-01
8.838838838838838363e-01 1.250000000000000000e-01
8.848848848848849258e-01 1.250000000000000000e-01
8.858858858858859042e-01 1.250000000000000000e-01
8.868868868868868827e-01 1.250000000000000000e-01
8.878878878878878611e-01 1.250000000000000000e-01
8.888888888888888395e-01 1.250000000000000000e-01
8.898898898898899290e-01 1.250000000000000000e-01
8.908908908908909074e-01 1.250000000000000000e-01
8.918918918918918859e-01 1.250000000000000000e-01
8.928928928928928643e-01 1.250000000000000000e-01
8.938938938938938428e-01 1.250000000000000000e-01
8.948948948948949322e-01 1.250000000000000000e-01
8.958958958958959107e-01 1.250000000000000000e-01
8.968968968968968891e-01 1.250000000000000000e-01
8.978978978978978676e-01 1.250000000000000000e-01
8.988988988988988460e-01 1.250000000000000000e-01
8.998998998998999355e-01 1.250000000000000000e-01
9.009009009009009139e-01 1.250000000000000000e-01
9.019019019019018923e-01 1.250000000000000000e-01
9.029029029029028708e-01 1.250000000000000000e-01
9.039039039039038492e-01 1.250000000000000000e-01
9.049049049049049387e-01 1.250000000000000000e-01
9.059059059059059171e-01 1.250000000000000000e-01
9.069069069069068956e-01 1.250000000000000000e-01
9.079079079079078740e-01 1.250000000000000000e-01
9.089089089089088525e-01 1.250000000000000000e-01
9.099099099099099419e-01 1.250000000000000000e-01
9.109109109109109204e-01 1.250000000000000000e-01
9.119119119119118988e-01 1.250000000000000000e-01
9.129129129129128772e-01 1.250000000000000000e-01
9.139139139139138557e-01 1.250000000000000000e-01
9.149149149149149451e-01 1.250000000000000000e-01
9.159159159159159236e-01 1.250000000000000000e-01
9.169169169169169020e-01 1.250000000000000000e-01
9.179179179179178805e-01 1.250000000000000000e-01
9.189189189189188589e-01 1.250000000000000000e-01
9.199199199199199484e-01 1.250000000000000000e-01
9.209209209209209268e-01 1.250000000000000000e-01
9.219219219219219053e-01 1.250000000000000000e-01
9.229229229229228837e-01 1.250000000000000000e-01
9.239239239239238621e-01 1.250000000000000000e-01
9.249249249249249516e-01 1.250000000000000000e-01
9.259259259259259300e-01 1.250000000000000000e-01
9.269269269269269085e-01 1.250000000000000000e-01
9.279279279279278869e-01 1.250000000000000000e-01
9.289289289289288654e-01 1.250000000000000000e-01
9.299299299299299548e-01 1.250000000000000000e-01
9.309309309309309333e-01 1.250000000000000000e-01
9.319319319319319117e-01 1.250000000000000000e-01
9.329329329329328901e-01 1.250000000000000000e-01
9.339339339339339796e-01 1.250000000000000000e-01
9.349349349349349581e-01 1.250000000000000000e-01
9.359359359359359365e-01 1.250000000000000000e-01
9.369369369369369149e-01 1.250000000000000000e-01
9.379379379379378934e-01 1.250000000000000000e-01
9.389389389389389828e-01 1.250000000000000000e-01
9.399399399399399613e-01 1.250000000000000000e-01
9.409409409409409397e-01 1.250000000000000000e-01
9.419419419419419182e-01 1.250000000000000000e-01
9.429429429429428966e-01 1.250000000000000000e-01
9.439439439439439861e-01 1.250000000000000000e-01
9.449449449449449645e-01 1.250000000000000000e-01
9.459459459459459429e-01 1.250000000000000000e-01
9.469469469469469214e-01 1.250000000000000000e-01
9.479479479479478998e-01 1.250000000000000000e-01
9.489489489489489893e-01 1.250000000000000000e-01
9.499499499499499677e-01 1.250000000000000000e-01
9.509509509509509462e-01 1.250000000000000000e-01
9.519519519519519246e-01 1.250000000000000000e-01
9.529529529529529031e-01 1.250000000000000000e-01
9.539539539539539925e-01 1.250000000000000000e-01
9.549549549549549710e-01 1.250000000000000000e-01
9.559559559559559494e-01 1.250000000000000000e-01
9.569569569569569278e-01 1.250000000000000000e-01
9.579579579579579063e-01 1.250000000000000000e-01
9.589589589589589957e-01 1.250000000000000000e-01
9.599599599599599742e-01 1.250000000000000000e-01
9.609609609609609526e-01 1.250000000000000000e-01
9.619619619619619311e-01 1.250000000000000000e-01
9.629629629629629095e-01 1.250000000000000000e-01
9.639639639639639990e-01 1.250000000000000000e-01
9.649649649649649774e-01 1.250000000000000000e-01
9.659659659659659559e-01 1.250000000000000000e-01
9.669669669669669343e-01 1.250000000000000000e-01
9.679679679679679127e-01 1.250000000000000000e-01
9.689689689689690022e-01 1.250000000000000000e-01
9.699699699699699806e-01 1.250000000000000000e-01
9.709709709709709591e-01 1.250000000000000000e-01
9.719719719719719375e-01 1.250000000000000000e-01
9.729729729729729160e-01 1.250000000000000000e-01
9.739739739739740054e-01 1.250000000000000000e-01
9.749749749749749839e-01 1.250000000000000000e-01
9.759759759759759623e-01 1.250000000000000000e-01
9.769769769769769407e-01 1.250000000000000000e-01
9.779779779779779192e-01 1.250000000000000000e-01
9.789789789789790087e-01 1.250000000000000000e-01
9.799799799799799871e-01 1.250000000000000000e-01
9.809809809809809655e-01 1.250000000000000000e-01
9.819819819819819440e-01 1.250000000000000000e-01
9.829829829829829224e-01 1.250000000000000000e-01
9.839839839839840119e-01 1.250000000000000000e-01
9.849849849849849903e-01 1.250000000000000000e-01
9.859859859859859688e-01 1.250000000000000000e-01
9.869869869869869472e-01 1.250000000000000000e-01
9.879879879879879256e-01 1.250000000000000000e-01
9.889889889889890151e-01 1.250000000000000000e-01
9.899899899899899935e-01 1.250000000000000000e-01
9.909909909909909720e-01 1.250000000000000000e-01
9.919919919919919504e-01 1.250000000000000000e-01
9.929929929929930399e-01 1.250000000000000000e-01
9.939939939939940183e-01 1.250000000000000000e-01
9.949949949949949968e-01 1.250000000000000000e-01
9.959959959959959752e-01 1.250000000000000000e-01
9.969969969969969537e-01 1.250000000000000000e-01
9.979979979979980431e-01 1.250000000000000000e-01
9.989989989989990216e-01 1.250000000000000000e-01
1.000000000000000000e+00 1.250000000000000000e-01
