      0.00033333     42.78379376  
      0.00100000     42.76204160  
      0.00166667     42.75070707  
      0.00233333     42.74281851  
      0.00300000     42.73690940  
      0.00366667     42.73229621  
      0.00433333     42.72852783  
      0.00500000     42.72533868  
      0.00566667     42.72256935  
      0.00633333     42.72011510  
      0.00700000     42.71790250  
      0.00766667     42.71587792  
      0.00833333     42.71400110  
      0.00900000     42.71224110  
      0.00966667     42.71057368  
      0.01033333     42.70897957  
      0.01100000     42.70744322  
      0.01166667     42.70595195  
      0.01233333     42.70449533  
      0.01300000     42.70306470  
      0.01366667     42.70165280  
      0.01433333     42.70025356  
      0.01500000     42.69886180  
      0.01566667     42.69747315  
      0.01633333     42.69608386  
      0.01700000     42.69469073  
      0.01766667     42.69329098  
      0.01833333     42.69188223  
      0.01900000     42.69046242  
      0.01966667     42.68902974  
      0.02033333     42.68758263  
      0.02100000     42.68611973  
      0.02166667     42.68463981  
      0.02233333     42.68314184  
      0.02300000     42.68162487  
      0.02366667     42.68008807  
      0.02433333     42.67853072  
      0.02500000     42.67695215  
      0.02566667     42.67535177  
      0.02633333     42.67372906  
      0.02700000     42.67208354  
      0.02766667     42.67041478  
      0.02833333     42.66872238  
      0.02900000     42.66700599  
      0.02966667     42.66526527  
      0.03033333     42.66349994  
      0.03100000     42.66170970  
      0.03166667     42.65989431  
      0.03233333     42.65805353  
      0.03300000     42.65618713  
      0.03366667     42.65429492  
      0.03433333     42.65237670  
      0.03500000     42.65043230  
      0.03566667     42.64846155  
      0.03633333     42.64646429  
      0.03700000     42.64444039  
      0.03766667     42.64238970  
      0.03833333     42.64031211  
      0.03900000     42.63820749  
      0.03966667     42.63607573  
      0.04033333     42.63391673  
      0.04100000     42.63173040  
      0.04166667     42.62951665  
      0.04233333     42.62727539  
      0.04300000     42.62500655  
      0.04366667     42.62271006  
      0.04433333     42.62038585  
      0.04500000     42.61803385  
      0.04566667     42.61565403  
      0.04633333     42.61324632  
      0.04700000     42.61081068  
      0.04766667     42.60834706  
      0.04833333     42.60585544  
      0.04900000     42.60333576  
      0.04966667     42.60078801  
      0.05033333     42.59821216  
      0.05100000     42.59560818  
      0.05166667     42.59297605  
      0.05233333     42.59031576  
      0.05300000     42.58762728  
      0.05366667     42.58491061  
      0.05433333     42.58216574  
      0.05500000     42.57939265  
      0.05566667     42.57659135  
      0.05633333     42.57376183  
      0.05700000     42.57090409  
      0.05766667     42.56801814  
      0.05833333     42.56510396  
      0.05900000     42.56216158  
      0.05966667     42.55919099  
      0.06033333     42.55619221  
      0.06100000     42.55316524  
      0.06166667     42.55011009  
      0.06233333     42.54702678  
      0.06300000     42.54391532  
      0.06366667     42.54077572  
      0.06433333     42.53760800  
      0.06500000     42.53441218  
      0.06566667     42.53118827  
      0.06633333     42.52793630  
      0.06700000     42.52465628  
      0.06766667     42.52134824  
      0.06833333     42.51801219  
      0.06900000     42.51464816  
      0.06966667     42.51125617  
      0.07033333     42.50783624  
      0.07100000     42.50438840  
      0.07166667     42.50091268  
      0.07233333     42.49740910  
      0.07300000     42.49387768  
      0.07366667     42.49031846  
      0.07433333     42.48673146  
      0.07500000     42.48311671  
      0.07566667     42.47947423  
      0.07633333     42.47580406  
      0.07700000     42.47210623  
      0.07766667     42.46838076  
      0.07833333     42.46462768  
      0.07900000     42.46084703  
      0.07966667     42.45703883  
      0.08033333     42.45320312  
      0.08100000     42.44933993  
      0.08166667     42.44544929  
      0.08233333     42.44153123  
      0.08300000     42.43758579  
      0.08366667     42.43361299  
      0.08433333     42.42961287  
      0.08500000     42.42558547  
      0.08566667     42.42153081  
      0.08633333     42.41744893  
      0.08700000     42.41333986  
      0.08766667     42.40920364  
      0.08833333     42.40504030  
      0.08900000     42.40084987  
      0.08966667     42.39663240  
      0.09033333     42.39238791  
      0.09100000     42.38811644  
      0.09166667     42.38381802  
      0.09233333     42.37949269  
      0.09300000     42.37514048  
      0.09366667     42.37076143  
      0.09433333     42.36635558  
      0.09500000     42.36192296  
      0.09566667     42.35746360  
      0.09633333     42.35297754  
      0.09700000     42.34846481  
      0.09766667     42.34392546  
      0.09833333     42.33935951  
      0.09900000     42.33476701  
      0.09966667     42.33014799  
      0.10033333     42.32550248  
      0.10100000     42.32083052  
      0.10166667     42.31613215  
      0.10233333     42.31140740  
      0.10300000     42.30665631  
      0.10366667     42.30187892  
      0.10433333     42.29707526  
      0.10500000     42.29224537  
      0.10566667     42.28738928  
      0.10633333     42.28250704  
      0.10700000     42.27759867  
      0.10766667     42.27266421  
      0.10833333     42.26770371  
      0.10900000     42.26271719  
      0.10966667     42.25770470  
      0.11033333     42.25266627  
      0.11100000     42.24760193  
      0.11166667     42.24251172  
      0.11233333     42.23739569  
      0.11300000     42.23225386  
      0.11366667     42.22708627  
      0.11433333     42.22189296  
      0.11500000     42.21667396  
      0.11566667     42.21142932  
      0.11633333     42.20615906  
      0.11700000     42.20086322  
      0.11766667     42.19554185  
      0.11833333     42.19019497  
      0.11900000     42.18482262  
      0.11966667     42.17942484  
      0.12033333     42.17400167  
      0.12100000     42.16855314  
      0.12166667     42.16307928  
      0.12233333     42.15758013  
      0.12300000     42.15205574  
      0.12366667     42.14650612  
      0.12433333     42.14093133  
      0.12500000     42.13533140  
      0.12566667     42.12970635  
      0.12633333     42.12405623  
      0.12700000     42.11838108  
      0.12766667     42.11268093  
      0.12833333     42.10695580  
      0.12900000     42.10120575  
      0.12966667     42.09543081  
      0.13033333     42.08963101  
      0.13100000     42.08380638  
      0.13166667     42.07795696  
      0.13233333     42.07208280  
      0.13300000     42.06618391  
      0.13366667     42.06026034  
      0.13433333     42.05431213  
      0.13500000     42.04833930  
      0.13566667     42.04234189  
      0.13633333     42.03631994  
      0.13700000     42.03027349  
      0.13766667     42.02420256  
      0.13833333     42.01810720  
      0.13900000     42.01198743  
      0.13966667     42.00584329  
      0.14033333     41.99967482  
      0.14100000     41.99348206  
      0.14166667     41.98726502  
      0.14233333     41.98102376  
      0.14300000     41.97475830  
      0.14366667     41.96846868  
      0.14433333     41.96215493  
      0.14500000     41.95581709  
      0.14566667     41.94945519  
      0.14633333     41.94306927  
      0.14700000     41.93665935  
      0.14766667     41.93022548  
      0.14833333     41.92376768  
      0.14900000     41.91728600  
      0.14966667     41.91078046  
      0.15033333     41.90425109  
      0.15100000     41.89769794  
      0.15166667     41.89112104  
      0.15233333     41.88452041  
      0.15300000     41.87789609  
      0.15366667     41.87124812  
      0.15433333     41.86457653  
      0.15500000     41.85788135  
      0.15566667     41.85116262  
      0.15633333     41.84442036  
      0.15700000     41.83765462  
      0.15766667     41.83086542  
      0.15833333     41.82405279  
      0.15900000     41.81721678  
      0.15966667     41.81035740  
      0.16033333     41.80347470  
      0.16100000     41.79656871  
      0.16166667     41.78963946  
      0.16233333     41.78268698  
      0.16300000     41.77571131  
      0.16366667     41.76871247  
      0.16433333     41.76169050  
      0.16500000     41.75464544  
      0.16566667     41.74757730  
      0.16633333     41.74048613  
      0.16700000     41.73337196  
      0.16766667     41.72623482  
      0.16833333     41.71907474  
      0.16900000     41.71189175  
      0.16966667     41.70468588  
      0.17033333     41.69745717  
      0.17100000     41.69020565  
      0.17166667     41.68293135  
      0.17233333     41.67563430  
      0.17300000     41.66831453  
      0.17366667     41.66097207  
      0.17433333     41.65360695  
      0.17500000     41.64621921  
      0.17566667     41.63880888  
      0.17633333     41.63137598  
      0.17700000     41.62392055  
      0.17766667     41.61644262  
      0.17833333     41.60894221  
      0.17900000     41.60141937  
      0.17966667     41.59387412  
      0.18033333     41.58630648  
      0.18100000     41.57871650  
      0.18166667     41.57110421  
      0.18233333     41.56346962  
      0.18300000     41.55581277  
      0.18366667     41.54813370  
      0.18433333     41.54043243  
      0.18500000     41.53270899  
      0.18566667     41.52496342  
      0.18633333     41.51719573  
      0.18700000     41.50940597  
      0.18766667     41.50159416  
      0.18833333     41.49376033  
      0.18900000     41.48590452  
      0.18966667     41.47802674  
      0.19033333     41.47012703  
      0.19100000     41.46220543  
      0.19166667     41.45426195  
      0.19233333     41.44629663  
      0.19300000     41.43830950  
      0.19366667     41.43030058  
      0.19433333     41.42226991  
      0.19500000     41.41421751  
      0.19566667     41.40614342  
      0.19633333     41.39804766  
      0.19700000     41.38993026  
      0.19766667     41.38179124  
      0.19833333     41.37363065  
      0.19900000     41.36544850  
      0.19966667     41.35724483  
      0.20033333     41.34901967  
      0.20100000     41.34077303  
      0.20166667     41.33250495  
      0.20233333     41.32421547  
      0.20300000     41.31590460  
      0.20366667     41.30757237  
      0.20433333     41.29921882  
      0.20500000     41.29084397  
      0.20566667     41.28244785  
      0.20633333     41.27403048  
      0.20700000     41.26559190  
      0.20766667     41.25713213  
      0.20833333     41.24865120  
      0.20900000     41.24014913  
      0.20966667     41.23162596  
      0.21033333     41.22308172  
      0.21100000     41.21451642  
      0.21166667     41.20593010  
      0.21233333     41.19732278  
      0.21300000     41.18869450  
      0.21366667     41.18004527  
      0.21433333     41.17137513  
      0.21500000     41.16268410  
      0.21566667     41.15397220  
      0.21633333     41.14523948  
      0.21700000     41.13648595  
      0.21766667     41.12771163  
      0.21833333     41.11891656  
      0.21900000     41.11010077  
      0.21966667     41.10126427  
      0.22033333     41.09240710  
      0.22100000     41.08352928  
      0.22166667     41.07463084  
      0.22233333     41.06571181  
      0.22300000     41.05677220  
      0.22366667     41.04781205  
      0.22433333     41.03883138  
      0.22500000     41.02983022  
      0.22566667     41.02080860  
      0.22633333     41.01176654  
      0.22700000     41.00270406  
      0.22766667     40.99362119  
      0.22833333     40.98451797  
      0.22900000     40.97539440  
      0.22966667     40.96625053  
      0.23033333     40.95708636  
      0.23100000     40.94790194  
      0.23166667     40.93869728  
      0.23233333     40.92947241  
      0.23300000     40.92022736  
      0.23366667     40.91096215  
      0.23433333     40.90167680  
      0.23500000     40.89237134  
      0.23566667     40.88304580  
      0.23633333     40.87370020  
      0.23700000     40.86433457  
      0.23766667     40.85494892  
      0.23833333     40.84554329  
      0.23900000     40.83611770  
      0.23966667     40.82667217  
      0.24033333     40.81720673  
      0.24100000     40.80772140  
      0.24166667     40.79821621  
      0.24233333     40.78869119  
      0.24300000     40.77914634  
      0.24366667     40.76958171  
      0.24433333     40.75999731  
      0.24500000     40.75039317  
      0.24566667     40.74076932  
      0.24633333     40.73112577  
      0.24700000     40.72146255  
      0.24766667     40.71177968  
      0.24833333     40.70207719  
      0.24900000     40.69235510  
      0.24966667     40.68261344  
      0.25033333     40.67285223  
      0.25100000     40.66307149  
      0.25166667     40.65327124  
      0.25233333     40.64345151  
      0.25300000     40.63361233  
      0.25366667     40.62375371  
      0.25433333     40.61387568  
      0.25500000     40.60397826  
      0.25566667     40.59406148  
      0.25633333     40.58412535  
      0.25700000     40.57416991  
      0.25766667     40.56419516  
      0.25833333     40.55420115  
      0.25900000     40.54418788  
      0.25966667     40.53415539  
      0.26033333     40.52410369  
      0.26100000     40.51403280  
      0.26166667     40.50394276  
      0.26233333     40.49383358  
      0.26300000     40.48370528  
      0.26366667     40.47355789  
      0.26433333     40.46339143  
      0.26500000     40.45320591  
      0.26566667     40.44300137  
      0.26633333     40.43277783  
      0.26700000     40.42253530  
      0.26766667     40.41227382  
      0.26833333     40.40199339  
      0.26900000     40.39169404  
      0.26966667     40.38137580  
      0.27033333     40.37103869  
      0.27100000     40.36068273  
      0.27166667     40.35030793  
      0.27233333     40.33991432  
      0.27300000     40.32950193  
      0.27366667     40.31907077  
      0.27433333     40.30862087  
      0.27500000     40.29815224  
      0.27566667     40.28766491  
      0.27633333     40.27715890  
      0.27700000     40.26663423  
      0.27766667     40.25609092  
      0.27833333     40.24552899  
      0.27900000     40.23494847  
      0.27966667     40.22434937  
      0.28033333     40.21373171  
      0.28100000     40.20309552  
      0.28166667     40.19244082  
      0.28233333     40.18176762  
      0.28300000     40.17107595  
      0.28366667     40.16036583  
      0.28433333     40.14963727  
      0.28500000     40.13889031  
      0.28566667     40.12812495  
      0.28633333     40.11734123  
      0.28700000     40.10653915  
      0.28766667     40.09571875  
      0.28833333     40.08488003  
      0.28900000     40.07402303  
      0.28966667     40.06314775  
      0.29033333     40.05225422  
      0.29100000     40.04134247  
      0.29166667     40.03041250  
      0.29233333     40.01946435  
      0.29300000     40.00849802  
      0.29366667     39.99751354  
      0.29433333     39.98651094  
      0.29500000     39.97549021  
      0.29566667     39.96445140  
      0.29633333     39.95339452  
      0.29700000     39.94231958  
      0.29766667     39.93122660  
      0.29833333     39.92011561  
      0.29900000     39.90898663  
      0.29966667     39.89783967  
      0.30033333     39.88667475  
      0.30100000     39.87549189  
      0.30166667     39.86429111  
      0.30233333     39.85307243  
      0.30300000     39.84183587  
      0.30366667     39.83058145  
      0.30433333     39.81930918  
      0.30500000     39.80801909  
      0.30566667     39.79671119  
      0.30633333     39.78538550  
      0.30700000     39.77404204  
      0.30766667     39.76268083  
      0.30833333     39.75130189  
      0.30900000     39.73990523  
      0.30966667     39.72849088  
      0.31033333     39.71705885  
      0.31100000     39.70560916  
      0.31166667     39.69414182  
      0.31233333     39.68265687  
      0.31300000     39.67115430  
      0.31366667     39.65963415  
      0.31433333     39.64809643  
      0.31500000     39.63654116  
      0.31566667     39.62496836  
      0.31633333     39.61337803  
      0.31700000     39.60177021  
      0.31766667     39.59014491  
      0.31833333     39.57850215  
      0.31900000     39.56684194  
      0.31966667     39.55516430  
      0.32033333     39.54346925  
      0.32100000     39.53175681  
      0.32166667     39.52002699  
      0.32233333     39.50827981  
      0.32300000     39.49651529  
      0.32366667     39.48473345  
      0.32433333     39.47293430  
      0.32500000     39.46111786  
      0.32566667     39.44928415  
      0.32633333     39.43743318  
      0.32700000     39.42556497  
      0.32766667     39.41367954  
      0.32833333     39.40177691  
      0.32900000     39.38985708  
      0.32966667     39.37792009  
      0.33033333     39.36596594  
      0.33100000     39.35399465  
      0.33166667     39.34200625  
      0.33233333     39.33000073  
      0.33300000     39.31797813  
      0.33366667     39.30593846  
      0.33433333     39.29388173  
      0.33500000     39.28180796  
      0.33566667     39.26971717  
      0.33633333     39.25760937  
      0.33700000     39.24548459  
      0.33766667     39.23334283  
      0.33833333     39.22118411  
      0.33900000     39.20900845  
      0.33966667     39.19681587  
      0.34033333     39.18460637  
      0.34100000     39.17237998  
      0.34166667     39.16013672  
      0.34233333     39.14787659  
      0.34300000     39.13559962  
      0.34366667     39.12330582  
      0.34433333     39.11099521  
      0.34500000     39.09866780  
      0.34566667     39.08632360  
      0.34633333     39.07396264  
      0.34700000     39.06158493  
      0.34766667     39.04919048  
      0.34833333     39.03677931  
      0.34900000     39.02435144  
      0.34966667     39.01190688  
      0.35033333     38.99944564  
      0.35100000     38.98696775  
      0.35166667     38.97447322  
      0.35233333     38.96196205  
      0.35300000     38.94943428  
      0.35366667     38.93688991  
      0.35433333     38.92432896  
      0.35500000     38.91175144  
      0.35566667     38.89915737  
      0.35633333     38.88654676  
      0.35700000     38.87391963  
      0.35766667     38.86127600  
      0.35833333     38.84861588  
      0.35900000     38.83593928  
      0.35966667     38.82324621  
      0.36033333     38.81053671  
      0.36100000     38.79781077  
      0.36166667     38.78506841  
      0.36233333     38.77230965  
      0.36300000     38.75953451  
      0.36366667     38.74674299  
      0.36433333     38.73393512  
      0.36500000     38.72111090  
      0.36566667     38.70827035  
      0.36633333     38.69541349  
      0.36700000     38.68254033  
      0.36766667     38.66965089  
      0.36833333     38.65674517  
      0.36900000     38.64382320  
      0.36966667     38.63088499  
      0.37033333     38.61793055  
      0.37100000     38.60495990  
      0.37166667     38.59197304  
      0.37233333     38.57897001  
      0.37300000     38.56595080  
      0.37366667     38.55291544  
      0.37433333     38.53986394  
      0.37500000     38.52679631  
      0.37566667     38.51371257  
      0.37633333     38.50061273  
      0.37700000     38.48749680  
      0.37766667     38.47436480  
      0.37833333     38.46121675  
      0.37900000     38.44805265  
      0.37966667     38.43487252  
      0.38033333     38.42167638  
      0.38100000     38.40846424  
      0.38166667     38.39523611  
      0.38233333     38.38199200  
      0.38300000     38.36873194  
      0.38366667     38.35545593  
      0.38433333     38.34216399  
      0.38500000     38.32885613  
      0.38566667     38.31553236  
      0.38633333     38.30219271  
      0.38700000     38.28883717  
      0.38766667     38.27546578  
      0.38833333     38.26207853  
      0.38900000     38.24867544  
      0.38966667     38.23525654  
      0.39033333     38.22182182  
      0.39100000     38.20837131  
      0.39166667     38.19490501  
      0.39233333     38.18142295  
      0.39300000     38.16792513  
      0.39366667     38.15441156  
      0.39433333     38.14088227  
      0.39500000     38.12733727  
      0.39566667     38.11377656  
      0.39633333     38.10020016  
      0.39700000     38.08660808  
      0.39766667     38.07300035  
      0.39833333     38.05937696  
      0.39900000     38.04573794  
      0.39966667     38.03208330  
      0.40033333     38.01841305  
      0.40100000     38.00472721  
      0.40166667     37.99102578  
      0.40233333     37.97730879  
      0.40300000     37.96357624  
      0.40366667     37.94982815  
      0.40433333     37.93606453  
      0.40500000     37.92228540  
      0.40566667     37.90849078  
      0.40633333     37.89468067  
      0.40700000     37.88085510  
      0.40766667     37.86701408  
      0.40833333     37.85315762  
      0.40900000     37.83928575  
      0.40966667     37.82539849  
      0.41033333     37.81149585  
      0.41100000     37.79757786  
      0.41166667     37.78364454  
      0.41233333     37.76969592  
      0.41300000     37.75573204  
      0.41366667     37.74175292  
      0.41433333     37.72775862  
      0.41500000     37.71374917  
      0.41566667     37.69972464  
      0.41633333     37.68568509  
      0.41700000     37.67163059  
      0.41766667     37.65756125  
      0.41833333     37.64347716  
      0.41900000     37.62937847  
      0.41966667     37.61526533  
      0.42033333     37.60113792  
      0.42100000     37.58699647  
      0.42166667     37.57284126  
      0.42233333     37.55867262  
      0.42300000     37.54449092  
      0.42366667     37.53029666  
      0.42433333     37.51609039  
      0.42500000     37.50187280  
      0.42566667     37.48764472  
      0.42633333     37.47340711  
      0.42700000     37.45916117  
      0.42766667     37.44490830  
      0.42833333     37.43065020  
      0.42900000     37.41638889  
      0.42966667     37.40212679  
      0.43033333     37.38786678  
      0.43100000     37.37361229  
      0.43166667     37.35936744  
      0.43233333     37.34513709  
      0.43300000     37.33092704  
      0.43366667     37.31674419  
      0.43433333     37.30259672  
      0.43500000     37.28849434  
      0.43566667     37.27444856  
      0.43633333     37.26047303  
      0.43700000     37.24658390  
      0.43766667     37.23280028  
      0.43833333     37.21914480  
      0.43900000     37.20564421  
      0.43966667     37.19233010  
      0.44033333     37.17923985  
      0.44100000     37.16641758  
      0.44166667     37.15391543  
      0.44233333     37.14179492  
      0.44300000     37.13012864  
      0.44366667     37.11900194  
      0.44433333     37.10851531  
      0.44500000     37.09878769  
      0.44566667     37.08995936  
      0.44633333     37.08219529  
      0.44700000     37.07568944  
      0.44766667     37.07066984  
      0.44833333     37.06740429  
      0.44900000     37.06620700  
      0.44966667     37.06744604  
      0.45033333     37.07155171  
      0.45100000     37.07902539  
      0.45166667     37.09044834  
      0.45233333     37.10648919  
      0.45300000     37.12790867  
      0.45366667     37.15556019  
      0.45433333     37.19038564  
      0.45500000     37.23340334  
      0.45566667     37.28567371  
      0.45633333     37.34821379  
      0.45700000     37.42198442  
      0.45766667     37.50837437  
      0.45833333     37.60863395  
      0.45900000     37.72340663  
      0.45966667     37.85282336  
      0.46033333     37.99698252  
      0.46100000     38.15685294  
      0.46166667     38.33431879  
      0.46233333     38.53170844  
      0.46300000     38.75290733  
      0.46366667     39.00115894  
      0.46433333     39.27485832  
      0.46500000     39.56958102  
      0.46566667     39.88152467  
      0.46633333     40.20781858  
      0.46700000     40.54587503  
      0.46766667     40.89319318  
      0.46833333     41.24742100  
      0.46900000     41.60638895  
      0.46966667     41.96805005  
      0.47033333     42.33041749  
      0.47100000     42.69159720  
      0.47166667     43.04989366  
      0.47233333     43.40390102  
      0.47300000     43.75252088  
      0.47366667     44.09490775  
      0.47433333     44.43037593  
      0.47500000     44.75832429  
      0.47566667     45.07822453  
      0.47633333     45.38967535  
      0.47700000     45.69244808  
      0.47766667     45.98644804  
      0.47833333     46.27162001  
      0.47900000     46.54786609  
      0.47966667     46.81510486  
      0.48033333     47.07346257  
      0.48100000     47.32322160  
      0.48166667     47.56450357  
      0.48233333     47.79731603  
      0.48300000     48.02177904  
      0.48366667     48.23809797  
      0.48433333     48.44646813  
      0.48500000     48.64705502  
      0.48566667     48.84001397  
      0.48633333     49.02552033  
      0.48700000     49.20379460  
      0.48766667     49.37511013  
      0.48833333     49.53977444  
      0.48900000     49.69805814  
      0.48966667     49.85010299  
      0.49033333     49.99597100  
      0.49100000     50.13578729  
      0.49166667     50.26976021  
      0.49233333     50.39811704  
      0.49300000     50.52106702  
      0.49366667     50.63879940  
      0.49433333     50.75149347  
      0.49500000     50.85931145  
      0.49566667     50.96238906  
      0.49633333     51.06090973  
      0.49700000     51.15504351  
      0.49766667     51.24493276  
      0.49833333     51.33070846  
      0.49900000     51.41248768  
      0.49966667     51.49040303  
      0.50033333     51.56459764  
      0.50100000     51.63520773  
      0.50166667     51.70237980  
      0.50233333     51.76627371  
      0.50300000     51.82705162  
      0.50366667     51.88486592  
      0.50433333     51.93985309  
      0.50500000     51.99213413  
      0.50566667     52.04181746  
      0.50633333     52.08900109  
      0.50700000     52.13377406  
      0.50766667     52.17621838  
      0.50833333     52.21640930  
      0.50900000     52.25442493  
      0.50966667     52.29035822  
      0.51033333     52.32430613  
      0.51100000     52.35636703  
      0.51166667     52.38662330  
      0.51233333     52.41513369  
      0.51300000     52.44193991  
      0.51366667     52.46707318  
      0.51433333     52.49055767  
      0.51500000     52.51241127  
      0.51566667     52.53264515  
      0.51633333     52.55126328  
      0.51700000     52.56826227  
      0.51766667     52.58363345  
      0.51833333     52.59736749  
      0.51900000     52.60945638  
      0.51966667     52.61989174  
      0.52033333     52.62866051  
      0.52100000     52.63574245  
      0.52166667     52.64110917  
      0.52233333     52.64472429  
      0.52300000     52.64654513  
      0.52366667     52.64652633  
      0.52433333     52.64461835  
      0.52500000     52.64074852  
      0.52566667     52.63482297  
      0.52633333     52.62676479  
      0.52700000     52.61650177  
      0.52766667     52.60394563  
      0.52833333     52.58898515  
      0.52900000     52.57148262  
      0.52966667     52.55128451  
      0.53033333     52.52822533  
      0.53100000     52.50212776  
      0.53166667     52.47280030  
      0.53233333     52.44003642  
      0.53300000     52.40361580  
      0.53366667     52.36330835  
      0.53433333     52.31887899  
      0.53500000     52.27009217  
      0.53566667     52.21671750  
      0.53633333     52.15853448  
      0.53700000     52.09533866  
      0.53766667     52.02694780  
      0.53833333     51.95320730  
      0.53900000     51.87399446  
      0.53966667     51.78922156  
      0.54033333     51.69883810  
      0.54100000     51.60283224  
      0.54166667     51.50123101  
      0.54233333     51.39409801  
      0.54300000     51.28152727  
      0.54366667     51.16363290  
      0.54433333     51.04054257  
      0.54500000     50.91239183  
      0.54566667     50.77931258  
      0.54633333     50.64141633  
      0.54700000     50.49878200  
      0.54766667     50.35145113  
      0.54833333     50.19942656  
      0.54900000     50.04267135  
      0.54966667     49.88110861  
      0.55033333     49.71462385  
      0.55100000     49.54307099  
      0.55166667     49.36628195  
      0.55233333     49.18407868  
      0.55300000     48.99628707  
      0.55366667     48.80275160  
      0.55433333     48.60334984  
      0.55500000     48.39800593  
      0.55566667     48.18670870  
      0.55633333     47.96952164  
      0.55700000     47.74661292  
      0.55766667     47.51826136  
      0.55833333     47.28483127  
      0.55900000     47.04677061  
      0.55966667     46.80470188  
      0.56033333     46.55927494  
      0.56100000     46.31132314  
      0.56166667     46.06167697  
      0.56233333     45.81123172  
      0.56300000     45.56092546  
      0.56366667     45.31172277  
      0.56433333     45.06457927  
      0.56500000     44.82044089  
      0.56566667     44.58025081  
      0.56633333     44.34494658  
      0.56700000     44.11545101  
      0.56766667     43.89266173  
      0.56833333     43.67743826  
      0.56900000     43.47058707  
      0.56966667     43.27284607  
      0.57033333     43.08487441  
      0.57100000     42.90720751  
      0.57166667     42.74025029  
      0.57233333     42.58443543  
      0.57300000     42.44002516  
      0.57366667     42.30715882  
      0.57433333     42.18578892  
      0.57500000     42.07561783  
      0.57566667     41.97611381  
      0.57633333     41.88658651  
      0.57700000     41.80622712  
      0.57766667     41.73412544  
      0.57833333     41.66928300  
      0.57900000     41.61062636  
      0.57966667     41.55702340  
      0.58033333     41.50730268  
      0.58100000     41.46027544  
      0.58166667     41.41476070  
      0.58233333     41.36961542  
      0.58300000     41.32377094  
      0.58366667     41.27627548  
      0.58433333     41.22634017  
      0.58500000     41.17338587  
      0.58566667     41.11708905  
      0.58633333     41.05742727  
      0.58700000     40.99472382  
      0.58766667     40.92969107  
      0.58833333     40.86348072  
      0.58900000     40.79772991  
      0.58966667     40.73455411  
      0.59033333     40.67636066  
      0.59100000     40.62580464  
      0.59166667     40.58585648  
      0.59233333     40.55974393  
      0.59300000     40.55059343  
      0.59366667     40.56169736  
      0.59433333     40.59600980  
      0.59500000     40.65676649  
      0.59566667     40.74618187  
      0.59633333     40.86498583  
      0.59700000     41.01438352  
      0.59766667     41.19568218  
      0.59833333     41.40941106  
      0.59900000     41.65541756  
      0.59966667     41.93288921  
      0.60033333     42.23993912  
      0.60100000     42.57376095  
      0.60166667     42.93124964  
      0.60233333     43.30827300  
      0.60300000     43.69906693  
      0.60366667     44.09774496  
      0.60433333     44.49657021  
      0.60500000     44.88782462  
      0.60566667     45.26648767  
      0.60633333     45.62693224  
      0.60700000     45.96504763  
      0.60766667     46.27617413  
      0.60833333     46.55651584  
      0.60900000     46.80081664  
      0.60966667     47.00429457  
      0.61033333     47.16277883  
      0.61100000     47.27264687  
      0.61166667     47.33112594  
      0.61233333     47.33672180  
      0.61300000     47.28966103  
      0.61366667     47.19308447  
      0.61433333     47.05580567  
      0.61500000     46.87409487  
      0.61566667     46.64386849  
      0.61633333     46.36891581  
      0.61700000     46.06569069  
      0.61766667     45.73966476  
      0.61833333     45.39313037  
      0.61900000     45.03080395  
      0.61966667     44.65874224  
      0.62033333     44.28130257  
      0.62100000     43.90156496  
      0.62166667     43.52309798  
      0.62233333     43.15003022  
      0.62300000     42.78641693  
      0.62366667     42.43511814  
      0.62433333     42.09829034  
      0.62500000     41.78204800  
      0.62566667     41.48814070  
      0.62633333     41.21446146  
      0.62700000     40.96154512  
      0.62766667     40.73042492  
      0.62833333     40.52159007  
      0.62900000     40.33504191  
      0.62966667     40.17027682  
      0.63033333     40.02628858  
      0.63100000     39.90170966  
      0.63166667     39.79490513  
      0.63233333     39.70401911  
      0.63300000     39.62698717  
      0.63366667     39.56149629  
      0.63433333     39.50481680  
      0.63500000     39.45364332  
      0.63566667     39.40501864  
      0.63633333     39.35995108  
      0.63700000     39.32034830  
      0.63766667     39.28396734  
      0.63833333     39.24821378  
      0.63900000     39.20931781  
      0.63966667     39.16593981  
      0.64033333     39.11706490  
      0.64100000     39.06250593  
      0.64166667     39.00221745  
      0.64233333     38.93506246  
      0.64300000     38.86069197  
      0.64366667     38.77917088  
      0.64433333     38.69132354  
      0.64500000     38.59774221  
      0.64566667     38.49878461  
      0.64633333     38.39483771  
      0.64700000     38.28669305  
      0.64766667     38.17587446  
      0.64833333     38.06237432  
      0.64900000     37.94745766  
      0.64966667     37.83261191  
      0.65033333     37.71932375  
      0.65100000     37.60905466  
      0.65166667     37.50302294  
      0.65233333     37.40259641  
      0.65300000     37.30919727  
      0.65366667     37.22413229  
      0.65433333     37.14859110  
      0.65500000     37.08373680  
      0.65566667     37.03079162  
      0.65633333     36.99099224  
      0.65700000     36.96555101  
      0.65766667     36.95582806  
      0.65833333     36.96392408  
      0.65900000     36.99143231  
      0.65966667     37.04010299  
      0.66033333     37.11203127  
      0.66100000     37.20911611  
      0.66166667     37.33325600  
      0.66233333     37.48631133  
      0.66300000     37.67003879  
      0.66366667     37.88602295  
      0.66433333     38.13560063  
      0.66500000     38.41978256  
      0.66566667     38.73917256  
      0.66633333     39.09388521  
      0.66700000     39.48346182  
      0.66766667     39.90678522  
      0.66833333     40.36199779  
      0.66900000     40.84643067  
      0.66966667     41.35655752  
      0.67033333     41.88798972  
      0.67100000     42.43552628  
      0.67166667     42.99326151  
      0.67233333     43.55474733  
      0.67300000     44.11321136  
      0.67366667     44.66184015  
      0.67433333     45.19413866  
      0.67500000     45.70435999  
      0.67566667     46.18791069  
      0.67633333     46.64146191  
      0.67700000     47.06276351  
      0.67766667     47.45116979  
      0.67833333     47.80806457  
      0.67900000     48.13392773  
      0.67966667     48.42810312  
      0.68033333     48.69622358  
      0.68100000     48.94583551  
      0.68166667     49.18389591  
      0.68233333     49.41697257  
      0.68300000     49.65125668  
      0.68366667     49.89246008  
      0.68433333     50.14572310  
      0.68500000     50.41561132  
      0.68566667     50.70616235  
      0.68633333     51.02094751  
      0.68700000     51.36313570  
      0.68766667     51.73554485  
      0.68833333     52.14066679  
      0.68900000     52.58066348  
      0.68966667     53.05737460  
      0.69033333     53.57228012  
      0.69100000     54.12649370  
      0.69166667     54.72076397  
      0.69233333     55.35548820  
      0.69300000     56.03073389  
      0.69366667     56.74627136  
      0.69433333     57.50161036  
      0.69500000     58.29602045  
      0.69566667     59.12855008  
      0.69633333     59.99807265  
      0.69700000     60.90348403  
      0.69766667     61.84398177  
      0.69833333     62.81903434  
      0.69900000     63.82792756  
      0.69966667     64.86979410  
      0.70033333     65.94364267  
      0.70100000     67.04797174  
      0.70166667     68.18063600  
      0.70233333     69.33934041  
      0.70300000     70.52192164  
      0.70366667     71.72615258  
      0.70433333     72.94985616  
      0.70500000     74.19050778  
      0.70566667     75.44486112  
      0.70633333     76.70928847  
      0.70700000     77.98099368  
      0.70766667     79.25769558  
      0.70833333     80.53732623  
      0.70900000     81.81781599  
      0.70966667     83.09684872  
      0.71033333     84.37183010  
      0.71100000     85.63991533  
      0.71166667     86.89803553  
      0.71233333     88.14295610  
      0.71300000     89.37140873  
      0.71366667     90.58032444  
      0.71433333     91.76702727  
      0.71500000     92.92912526  
      0.71566667     94.06414743  
      0.71633333     95.16937120  
      0.71700000     96.24190672  
      0.71766667     97.27873791  
      0.71833333     98.27669093  
      0.71900000     99.23254822  
      0.71966667    100.14371559  
      0.72033333    101.00926716  
      0.72100000    101.83024411  
      0.72166667    102.60716400  
      0.72233333    103.33801666  
      0.72300000    104.02073243  
      0.72366667    104.65449889  
      0.72433333    105.23939600  
      0.72500000    105.77575813  
      0.72566667    106.26374801  
      0.72633333    106.70321565  
      0.72700000    107.09374820  
      0.72766667    107.43475758  
      0.72833333    107.72552536  
      0.72900000    107.96518060  
      0.72966667    108.15273518  
      0.73033333    108.28701453  
      0.73100000    108.36703095  
      0.73166667    108.39164693  
      0.73233333    108.36140559  
      0.73300000    108.28064188  
      0.73366667    108.15201009  
      0.73433333    107.94175419  
      0.73500000    107.66259148  
      0.73566667    107.34825311  
      0.73633333    106.98450906  
      0.73700000    106.57094711  
      0.73766667    106.10878720  
      0.73833333    105.60039280  
      0.73900000    105.04880555  
      0.73966667    104.45739514  
      0.74033333    103.83007062  
      0.74100000    103.17127813  
      0.74166667    102.48575074  
      0.74233333    101.77849617  
      0.74300000    101.05467342  
      0.74366667    100.31950037  
      0.74433333     99.57807144  
      0.74500000     98.83576586  
      0.74566667     98.10238151  
      0.74633333     97.38934490  
      0.74700000     96.70187137  
      0.74766667     96.04768297  
      0.74833333     95.43456502  
      0.74900000     94.86878803  
      0.74966667     94.36079932  
      0.75033333     93.92233163  
      0.75100000     93.56014612  
      0.75166667     93.28006206  
      0.75233333     93.06958376  
      0.75300000     92.87570775  
      0.75366667     92.71195676  
      0.75433333     92.57601281  
      0.75500000     92.45131544  
      0.75566667     92.31703893  
      0.75633333     92.15225166  
      0.75700000     91.94086197  
      0.75766667     91.67400967  
      0.75833333     91.35211542  
      0.75900000     90.96102825  
      0.75966667     90.46388244  
      0.76033333     89.82352961  
      0.76100000     89.02247637  
      0.76166667     88.05272122  
      0.76233333     86.91950271  
      0.76300000     85.64341353  
      0.76366667     84.26022141  
      0.76433333     82.81639750  
      0.76500000     81.35829345  
      0.76566667     79.92100403  
      0.76633333     78.52955694  
      0.76700000     77.23035529  
      0.76766667     76.04351057  
      0.76833333     74.95627293  
      0.76900000     73.95610829  
      0.76966667     73.03007886  
      0.77033333     72.16265719  
      0.77100000     71.34032352  
      0.77166667     70.55282074  
      0.77233333     69.79604131  
      0.77300000     69.06887422  
      0.77366667     68.37390047  
      0.77433333     67.71635433  
      0.77500000     67.10229964  
      0.77566667     66.53775290  
      0.77633333     66.02729650  
      0.77700000     65.57342426  
      0.77766667     65.17577560  
      0.77833333     64.83088507  
      0.77900000     64.53193425  
      0.77966667     64.26906213  
      0.78033333     64.03395536  
      0.78100000     63.81804803  
      0.78166667     63.61603814  
      0.78233333     63.42242966  
      0.78300000     63.23211559  
      0.78366667     63.04094425  
      0.78433333     62.84561403  
      0.78500000     62.64336267  
      0.78566667     62.43199967  
      0.78633333     62.20912204  
      0.78700000     61.97483426  
      0.78766667     61.73013322  
      0.78833333     61.47703633  
      0.78900000     61.21748129  
      0.78966667     60.95490485  
      0.79033333     60.69436690  
      0.79100000     60.44183190  
      0.79166667     60.20330537  
      0.79233333     59.98661730  
      0.79300000     59.79370260  
      0.79366667     59.63373883  
      0.79433333     59.51583789  
      0.79500000     59.44820033  
      0.79566667     59.43864745  
      0.79633333     59.49507560  
      0.79700000     59.62549221  
      0.79766667     59.83782678  
      0.79833333     60.13990030  
      0.79900000     60.53925232  
      0.79966667     61.04291353  
      0.80033333     61.65714424  
      0.80100000     62.38715138  
      0.80166667     63.23679347  
      0.80233333     64.20827882  
      0.80300000     65.30186041  
      0.80366667     66.51553388  
      0.80433333     67.84474919  
      0.80500000     69.28215308  
      0.80566667     70.81738856  
      0.80633333     72.43699117  
      0.80700000     74.12444391  
      0.80766667     75.86052641  
      0.80833333     77.62423538  
      0.80900000     79.39416982  
      0.80966667     81.14787900  
      0.81033333     82.85666092  
      0.81100000     84.49351306  
      0.81166667     86.03876959  
      0.81233333     87.47591437  
      0.81300000     88.79361268  
      0.81366667     89.98622632  
      0.81433333     91.05383053  
      0.81500000     92.00171229  
      0.81566667     92.83941546  
      0.81633333     93.57949616  
      0.81700000     94.23635954  
      0.81766667     94.82515141  
      0.81833333     95.36068587  
      0.81900000     95.85664184  
      0.81966667     96.32537980  
      0.82033333     96.77808757  
      0.82100000     97.22404552  
      0.82166667     97.66950386  
      0.82233333     98.11777590  
      0.82300000     98.57021816  
      0.82366667     99.02742939  
      0.82433333     99.48989831  
      0.82500000     99.95808423  
      0.82566667    100.43241560  
      0.82633333    100.91301902  
      0.82700000    101.39932620  
      0.82766667    101.89103398  
      0.82833333    102.38757431  
      0.82900000    102.88819398  
      0.82966667    103.39164101  
      0.83033333    103.89645540  
      0.83100000    104.40126335  
      0.83166667    104.90505562  
      0.83233333    105.40696776  
      0.83300000    105.90618223  
      0.83366667    106.40190530  
      0.83433333    106.89337226  
      0.83500000    107.37985230  
      0.83566667    107.86064277  
      0.83633333    108.33506587  
      0.83700000    108.80246828  
      0.83766667    109.26222189  
      0.83833333    109.71371989  
      0.83900000    110.15636646  
      0.83966667    110.58956096  
      0.84033333    111.01268096  
      0.84100000    111.42507143  
      0.84166667    111.82605117  
      0.84233333    112.21494381  
      0.84300000    112.59112871  
      0.84366667    112.95410669  
      0.84433333    113.30356163  
      0.84500000    113.63937380  
      0.84566667    113.96155735  
      0.84633333    114.27019408  
      0.84700000    114.56541166  
      0.84766667    114.84735315  
      0.84833333    115.11610747  
      0.84900000    115.37164951  
      0.84966667    115.61384280  
      0.85033333    115.84250302  
      0.85100000    116.05746978  
      0.85166667    116.25863648  
      0.85233333    116.44594048  
      0.85300000    116.61935119  
      0.85366667    116.77887528  
      0.85433333    116.92456332  
      0.85500000    117.05650277  
      0.85566667    117.17480476  
      0.85633333    117.27959606  
      0.85700000    117.37101503  
      0.85766667    117.44920403  
      0.85833333    117.51429448  
      0.85900000    117.56638715  
      0.85966667    117.60553553  
      0.86033333    117.63174337  
      0.86100000    117.64498422  
      0.86166667    117.64524447  
      0.86233333    117.63258337  
      0.86300000    117.60728880  
      0.86366667    117.56959907  
      0.86433333    117.52019151  
      0.86500000    117.46008178  
      0.86566667    117.38967331  
      0.86633333    117.30859550  
      0.86700000    117.21536720  
      0.86766667    117.10113805  
      0.86833333    116.96359625  
      0.86900000    116.81656326  
      0.86966667    116.66282089  
      0.87033333    116.50236949  
      0.87100000    116.33499648  
      0.87166667    116.16127224  
      0.87233333    115.98137017  
      0.87300000    115.79395618  
      0.87366667    115.59838330  
      0.87433333    115.39548454  
      0.87500000    115.18657888  
      0.87566667    114.97261283  
      0.87633333    114.75272950  
      0.87700000    114.52643526  
      0.87766667    114.29470924  
      0.87833333    114.05822519  
      0.87900000    113.81800798  
      0.87966667    113.57475854  
      0.88033333    113.32871425  
      0.88100000    113.08000942  
      0.88166667    112.82891870  
      0.88233333    112.57585898  
      0.88300000    112.32135690  
      0.88366667    112.06592083  
      0.88433333    111.80994763  
      0.88500000    111.55377728  
      0.88566667    111.29765146  
      0.88633333    111.04170712  
      0.88700000    110.78589021  
      0.88766667    110.53018163  
      0.88833333    110.27553787  
      0.88900000    110.02356739  
      0.88966667    109.77494269  
      0.89033333    109.52940276  
      0.89100000    109.28625976  
      0.89166667    109.04512950  
      0.89233333    108.80605255  
      0.89300000    108.56918236  
      0.89366667    108.33469137  
      0.89433333    108.10270834  
      0.89500000    107.87329869  
      0.89566667    107.64644505  
      0.89633333    107.42204442  
      0.89700000    107.19994382  
      0.89766667    106.98000917  
      0.89833333    106.76217079  
      0.89900000    106.54641530  
      0.89966667    106.33275867  
      0.90033333    106.12108127  
      0.90100000    105.91142514  
      0.90166667    105.70378614  
      0.90233333    105.49799490  
      0.90300000    105.29394226  
      0.90366667    105.09151495  
      0.90433333    104.89060072  
      0.90500000    104.69108461  
      0.90566667    104.49285157  
      0.90633333    104.29578793  
      0.90700000    104.09978254  
      0.90766667    103.90472948  
      0.90833333    103.71053071  
      0.90900000    103.51710734  
      0.90966667    103.32439578  
      0.91033333    103.13237743  
      0.91100000    102.94085798  
      0.91166667    102.75016152  
      0.91233333    102.56012754  
      0.91300000    102.37078915  
      0.91366667    102.18216740  
      0.91433333    101.99429134  
      0.91500000    101.80718582  
      0.91566667    101.62087984  
      0.91633333    101.43541183  
      0.91700000    101.25083591  
      0.91766667    101.06722607  
      0.91833333    100.88467791  
      0.91900000    100.70330814  
      0.91966667    100.52325121  
      0.92033333    100.34465441  
      0.92100000    100.16766782  
      0.92166667     99.99242879  
      0.92233333     99.81903783  
      0.92300000     99.64753351  
      0.92366667     99.47793418  
      0.92433333     99.31028560  
      0.92500000     99.14467899  
      0.92566667     98.98131617  
      0.92633333     98.82046253  
      0.92700000     98.66239961  
      0.92766667     98.50741140  
      0.92833333     98.35578963  
      0.92900000     98.20781654  
      0.92966667     98.06377422  
      0.93033333     97.92394501  
      0.93100000     97.78861724  
      0.93166667     97.65811813  
      0.93233333     97.53284395  
      0.93300000     97.41323124  
      0.93366667     97.29968185  
      0.93433333     97.19249532  
      0.93500000     97.09185912  
      0.93566667     96.99788864  
      0.93633333     96.91067126  
      0.93700000     96.83029474  
      0.93766667     96.75686479  
      0.93833333     96.69050829  
      0.93900000     96.63136045  
      0.93966667     96.57955483  
      0.94033333     96.53521855  
      0.94100000     96.49846729  
      0.94166667     96.46939840  
      0.94233333     96.44807991  
      0.94300000     96.43453406  
      0.94366667     96.42871724  
      0.94433333     96.43050096  
      0.94500000     96.43966302  
      0.94566667     96.45590947  
      0.94633333     96.47893594  
      0.94700000     96.50845313  
      0.94766667     96.54406802  
      0.94833333     96.58516026  
      0.94900000     96.63111005  
      0.94966667     96.68176996  
      0.95033333     96.73748237  
      0.95100000     96.79845797  
      0.95166667     96.86439753  
      0.95233333     96.93466979  
      0.95300000     97.00854095  
      0.95366667     97.08526345  
      0.95433333     97.16408303  
      0.95500000     97.24422240  
      0.95566667     97.32486893  
      0.95633333     97.40517983  
      0.95700000     97.48431364  
      0.95766667     97.56149120  
      0.95833333     97.63607702  
      0.95900000     97.70766060  
      0.95966667     97.77609681  
      0.96033333     97.84147716  
      0.96100000     97.90410357  
      0.96166667     97.96465571  
      0.96233333     98.02373792  
      0.96300000     98.08091329  
      0.96366667     98.13411003  
      0.96433333     98.18088773  
      0.96500000     98.21916026  
      0.96566667     98.24736686  
      0.96633333     98.26432136  
      0.96700000     98.26890170  
      0.96766667     98.25971781  
      0.96833333     98.23489113  
      0.96900000     98.19191277  
      0.96966667     98.12752156  
      0.97033333     98.03757529  
      0.97100000     97.91691920  
      0.97166667     97.75930741  
      0.97233333     97.55746185  
      0.97300000     97.30331247  
      0.97366667     96.98834424  
      0.97433333     96.60382947  
      0.97500000     96.14088098  
      0.97566667     95.59087521  
      0.97633333     94.94694492  
      0.97700000     94.20694327  
      0.97766667     93.37861617  
      0.97833333     92.47314892  
      0.97900000     91.50196658  
      0.97966667     90.48056529  
      0.98033333     89.42814474  
      0.98100000     88.36781043  
      0.98166667     87.32515448  
      0.98233333     86.32568018  
      0.98300000     85.39280518  
      0.98366667     84.54744449  
      0.98433333     83.80616343  
      0.98500000     83.18205379  
      0.98566667     82.68145417  
      0.98633333     82.30179100  
      0.98700000     82.04245330  
      0.98766667     81.89544351  
      0.98833333     81.84650714  
      0.98900000     81.87574991  
      0.98966667     81.96269475  
      0.99033333     82.08936086  
      0.99100000     82.23190961  
      0.99166667     82.37635867  
      0.99233333     82.50724002  
      0.99300000     82.61179967  
      0.99366667     82.68055180  
      0.99433333     82.70767117  
      0.99500000     82.69136438  
      0.99566667     82.63398407  
      0.99633333     82.54257715  
      0.99700000     82.42717540  
      0.99766667     82.30606584  
      0.99833333     82.18957678  
      0.99900000     82.10858740  
      0.99966667     82.04792232  
